# cluster_centers_xy_v1
# category=left
# ego-local xy: x=forward, y=left; plot right=-y
# columns: CENTER center_id count x0 y0 ... x63 y63
CENTER 10 26 0.425267 0.001841 0.848489 0.007728 1.274649 0.017968 1.696836 0.032673 2.123925 0.052324 2.551678 0.077038 2.965372 0.106442 3.373810 0.141023 3.778002 0.180962 4.186346 0.227593 4.592591 0.280084 4.989779 0.338061 5.385046 0.402275 5.778153 0.472876 6.169531 0.550118 6.559611 0.634285 6.947661 0.725504 7.333172 0.823895 7.716196 0.929654 8.096616 1.042998 8.474261 1.164019 8.835597 1.288297 9.197358 1.421966 9.559172 1.565099 9.920788 1.717836 10.282002 1.880350 10.640591 2.051880 10.994678 2.231718 11.344344 2.419993 11.696044 2.620212 12.047963 2.832035 12.386812 3.047229 12.720879 3.271145 13.049885 3.503685 13.374404 3.745223 13.706245 4.004098 14.023815 4.265595 14.333267 4.533625 14.632704 4.807097 14.921948 5.085933 15.202340 5.371062 15.464578 5.653116 15.721937 5.945281 15.974759 6.247770 16.218801 6.555005 16.459223 6.874663 16.694226 7.204847 16.922119 7.543658 17.142931 7.891055 17.357234 8.244677 17.565987 8.609308 17.764318 8.976870 17.952576 9.347368 18.130889 9.720570 18.299782 10.096251 18.460639 10.475771 18.614233 10.860065 18.760731 11.248919 18.900450 11.642218 19.033744 12.039765 19.161047 12.441614 19.287819 12.861510 19.408119 13.281952 19.522265 13.702840
CENTER 11 30 0.343445 -0.000079 0.692293 -0.000228 1.042091 -0.000353 1.396744 -0.000376 1.751556 -0.000235 2.111195 0.000116 2.469112 0.000660 2.833587 0.001549 3.204015 0.002804 3.580121 0.004453 3.961451 0.006529 4.346324 0.009064 4.733276 0.012097 5.116369 0.015741 5.503883 0.020096 5.901349 0.025580 6.301653 0.032017 6.711075 0.039503 7.119075 0.048214 7.518850 0.058158 7.918702 0.069938 8.325013 0.084061 8.732076 0.100533 9.140812 0.119619 9.549805 0.141556 9.963322 0.166826 10.373508 0.195195 10.778883 0.227333 11.179694 0.263001 11.576762 0.303480 11.970967 0.349035 12.364132 0.399894 12.756516 0.456194 13.147035 0.517886 13.523041 0.584026 13.897603 0.655756 14.270563 0.733205 14.642062 0.816483 15.012056 0.905701 15.385419 1.001915 15.753685 1.103417 16.116861 1.210248 16.474748 1.322387 16.827140 1.439765 17.169377 1.560140 17.514437 1.689626 17.857473 1.825846 18.198585 1.968891 18.537759 2.118766 18.873378 2.274628 19.204244 2.435856 19.530516 2.602460 19.852250 2.774789 20.175514 2.956739 20.489488 3.140483 20.801254 3.331202 21.106508 3.526828 21.414695 3.731592 21.726674 3.948567 22.024529 4.163989 22.318323 4.384924 22.600987 4.606010 22.873642 4.827767 23.138762 5.051766
CENTER 15 60 0.468438 0.000334 0.929881 0.001366 1.395576 0.003156 1.865729 0.005763 2.347909 0.009324 2.831477 0.013758 3.318471 0.019145 3.803763 0.025439 4.287444 0.032660 4.770723 0.040835 5.254754 0.050004 5.743199 0.060191 6.227017 0.071266 6.710527 0.083356 7.190328 0.096404 7.670120 0.110490 8.146896 0.125407 8.626305 0.141489 9.108004 0.158732 9.591667 0.177116 10.077126 0.196619 10.563619 0.217157 11.046925 0.238504 11.539185 0.260992 12.034781 0.284661 12.528447 0.309101 13.020198 0.334314 13.509139 0.360262 13.991978 0.386727 14.479314 0.414241 14.964142 0.442538 15.450350 0.471795 15.937793 0.502031 16.425465 0.533522 16.912766 0.565952 17.403063 0.599571 17.892072 0.634158 18.383573 0.669952 18.872456 0.706659 19.358796 0.744287 19.835121 0.782544 20.312517 0.821424 20.790391 0.861257 21.262527 0.901192 21.741639 0.942451 22.219832 0.984542 22.692678 1.027184 23.165812 1.070400 23.638221 1.113973 24.110096 1.157720 24.582368 1.201599 25.054064 1.245485 25.527594 1.289938 26.002581 1.334572 26.474292 1.378478 26.942836 1.421566 27.408207 1.463725 27.870641 1.504895 28.331011 1.545117 28.793309 1.584109 29.254884 1.622406 29.714593 1.659451 30.169194 1.694433 30.622392 1.728044
CENTER 16 23 0.447500 0.003896 0.896284 0.015661 1.336170 0.034570 1.772060 0.060124 2.219502 0.092997 2.678089 0.133113 3.164917 0.182632 3.655017 0.238562 4.154107 0.301487 4.648360 0.368642 5.137126 0.439912 5.633319 0.516928 6.128755 0.598161 6.615124 0.681959 7.099282 0.768005 7.591968 0.858452 8.084652 0.951174 8.597703 1.050308 9.113738 1.151725 9.629967 1.254557 10.156167 1.360071 10.680097 1.466178 11.203748 1.573259 11.729556 1.681943 12.257882 1.792381 12.789975 1.904860 13.304813 2.014836 13.829416 2.127653 14.363574 2.243176 14.906797 2.361246 15.458579 2.481747 16.015699 2.604094 16.575532 2.727988 17.138774 2.854830 17.707165 2.983859 18.281537 3.115206 18.889499 3.254186 19.499796 3.394146 20.133947 3.541237 20.736009 3.682033 21.341723 3.824232 21.938860 3.965646 22.532268 4.107035 23.115567 4.246347 23.702966 4.387157 24.281643 4.525347 24.865285 4.665179 25.452710 4.806454 26.042922 4.948953 26.623379 5.090757 27.210110 5.233813 27.791021 5.375785 28.393806 5.522193 29.001517 5.669875 29.621611 5.821434 30.224652 5.969699 30.826472 6.118343 31.427467 6.267397 32.029930 6.417217 32.648377 6.572349 33.265684 6.727411 33.868339 6.879397 34.472034 7.031298 35.088916 7.184857
CENTER 20 36 0.622044 -0.000010 1.243437 0.000057 1.871588 0.000486 2.498124 0.001470 3.130698 0.003262 3.754046 0.005977 4.377835 0.009848 5.002412 0.015063 5.628227 0.021796 6.255863 0.030236 6.885423 0.040560 7.516159 0.052924 8.147831 0.067469 8.780359 0.084346 9.413645 0.103682 10.047468 0.125578 10.673625 0.149296 11.303482 0.176040 11.929243 0.205700 12.559355 0.238440 13.193775 0.274257 13.831018 0.312939 14.461174 0.353922 15.094800 0.397588 15.731441 0.443865 16.378917 0.492936 17.025774 0.544216 17.670517 0.597510 18.311682 0.652606 18.949169 0.709344 19.584895 0.767641 20.220657 0.827416 20.856436 0.888517 21.500362 0.951269 22.142861 1.014983 22.792157 1.080150 23.428856 1.145309 24.062266 1.210962 24.692805 1.277090 25.321280 1.343720 25.956737 1.412030 26.591372 1.480882 27.224682 1.550190 27.848848 1.619265 28.475380 1.688993 29.104563 1.759412 29.736716 1.830573 30.371751 1.902478 31.007977 1.974997 31.643632 2.047991 32.279016 2.121478 32.914271 2.195462 33.549402 2.269936 34.184133 2.344888 34.818515 2.420340 35.452726 2.496323 36.086788 2.572844 36.728548 2.650617 37.366520 2.728606 37.984696 2.805145 38.603577 2.882449 39.222697 2.960528 39.852723 3.040415 40.484187 3.120659
CENTER 21 22 0.351669 0.004272 0.705124 0.017479 1.061932 0.039941 1.421929 0.072020 1.792674 0.114996 2.173066 0.169296 2.553989 0.234159 2.935142 0.309838 3.316059 0.396582 3.697013 0.494742 4.078706 0.604778 4.460918 0.726882 4.843053 0.861144 5.224804 1.007669 5.598275 1.163901 5.971732 1.332729 6.344747 1.514130 6.709892 1.704654 7.074553 1.908028 7.437492 2.123873 7.797908 2.351975 8.155650 2.592343 8.509920 2.844603 8.860074 3.108387 9.206032 3.383597 9.547617 3.669991 9.877299 3.960648 10.205858 4.264991 10.533184 4.582897 10.858884 4.913951 11.182629 5.257705 11.502781 5.612279 11.817739 5.975587 12.127724 6.347154 12.440044 6.734219 12.747115 7.128019 13.049485 7.528264 13.347341 7.934244 13.641050 8.345554 13.936454 8.771266 14.227145 9.198708 14.513269 9.627174 14.795373 10.056586 15.073961 10.486772 15.350323 10.919304 15.619200 11.346974 15.890089 11.782050 16.158897 12.214719 16.430416 12.655351 16.704629 13.103783 16.980350 13.558116 17.256330 14.016317 17.532292 14.477459 17.808113 14.940713 18.088412 15.415892 18.366736 15.888842 18.636068 16.351264 18.915939 16.824753 19.188101 17.289162 19.465574 17.759911 19.749029 18.238948 20.036750 18.724547 20.327773 19.215818 20.628919 19.720704
CENTER 23 23 0.419898 0.005216 0.845997 0.020479 1.268380 0.045416 1.696300 0.080606 2.137620 0.126762 2.589366 0.183713 3.041793 0.250666 3.500972 0.328679 3.954302 0.415305 4.403645 0.510303 4.842086 0.610988 5.283281 0.720375 5.720454 0.836580 6.164598 0.961961 6.615273 1.096396 7.078974 1.242897 7.531889 1.393090 7.986587 1.550051 8.451711 1.716808 8.917188 1.889318 9.394116 2.070861 9.872645 2.258557 10.341301 2.447933 10.814840 2.642734 11.291406 2.842751 11.763195 3.044071 12.240317 3.250672 12.720064 3.461275 13.210417 3.680260 13.699392 3.900834 14.186668 4.122498 14.671653 4.344634 15.154663 4.567074 15.638282 4.790962 16.134659 5.021471 16.632359 5.254024 17.131522 5.488625 17.621609 5.721178 18.117338 5.957004 18.619358 6.196396 19.118422 6.435761 19.631198 6.679898 20.151002 6.929903 20.677040 7.183699 21.219709 7.445927 21.773876 7.716273 22.313301 7.980394 22.872222 8.255463 23.423232 8.528889 23.978512 8.805479 24.518472 9.075061 25.055946 9.344831 25.582547 9.609666 26.112684 9.877137 26.636095 10.141024 27.164415 10.407872 27.696297 10.677093 28.230511 10.948105 28.756132 11.216433 29.287398 11.487609 29.823065 11.761136 30.362561 12.036817 30.906342 12.314974 31.462302 12.600595
CENTER 24 57 0.123227 0.000008 0.254545 0.000027 0.392684 0.000059 0.538375 0.000105 0.692599 0.000140 0.855270 0.000145 1.026497 0.000099 1.205658 0.000003 1.391622 -0.000185 1.588324 -0.000498 1.791489 -0.000947 2.004935 -0.001460 2.227940 -0.002006 2.457670 -0.002538 2.696249 -0.003003 2.943822 -0.003414 3.200158 -0.003793 3.463345 -0.004112 3.731028 -0.004363 4.006353 -0.004583 4.289705 -0.004757 4.581267 -0.004858 4.879169 -0.004852 5.186717 -0.004705 5.500335 -0.004393 5.822334 -0.003862 6.149740 -0.003048 6.482606 -0.001911 6.821101 -0.000415 7.165398 0.001458 7.513251 0.003714 7.867743 0.006320 8.224961 0.009401 8.590669 0.012974 8.960694 0.017066 9.334498 0.021667 9.705722 0.026468 10.082794 0.031832 10.465528 0.037722 10.851331 0.044159 11.243385 0.051095 11.636953 0.058325 12.037709 0.066321 12.442203 0.074680 12.862836 0.083552 13.282771 0.092654 13.698310 0.101994 14.110556 0.111969 14.524299 0.121925 14.937652 0.131501 15.357320 0.141496 15.782049 0.151939 16.206324 0.163291 16.640550 0.176054 17.074114 0.189179 17.510088 0.202760 17.947371 0.218041 18.381006 0.234494 18.812101 0.252304 19.240867 0.271554 19.666492 0.290739 20.085247 0.311268 20.508264 0.334275 20.931055 0.359447
CENTER 28 38 0.153928 0.000034 0.304483 0.000171 0.451752 0.000383 0.595812 0.000643 0.736817 0.000931 0.874930 0.001232 1.010001 0.001529 1.144396 0.001862 1.276276 0.002238 1.405805 0.002676 1.533150 0.003187 1.660629 0.003788 1.785345 0.004454 1.907676 0.005177 2.025278 0.005917 2.141037 0.006692 2.255489 0.007510 2.369183 0.008377 2.482238 0.009304 2.594640 0.010305 2.706437 0.011386 2.817817 0.012543 2.928923 0.013771 3.038536 0.015056 3.148714 0.016418 3.259503 0.017859 3.371004 0.019391 3.483281 0.021031 3.596078 0.022790 3.709172 0.024674 3.824180 0.026719 3.939136 0.028894 4.054205 0.031216 4.169516 0.033687 4.285222 0.036310 4.401614 0.039095 4.519076 0.042062 4.639586 0.045311 4.761272 0.048782 4.884229 0.052517 5.008461 0.056545 5.133977 0.060875 5.260912 0.065523 5.389352 0.070496 5.517936 0.075748 5.648154 0.081326 5.780034 0.087247 5.913548 0.093524 6.048673 0.100182 6.185303 0.107246 6.323344 0.114727 6.462837 0.122643 6.600141 0.130954 6.743925 0.139818 6.889036 0.149150 7.035567 0.158968 7.183493 0.169292 7.332092 0.180136 7.481635 0.191545 7.637312 0.203665 7.791602 0.216427 7.947592 0.229907 8.105460 0.244164 8.265374 0.259272
CENTER 30 102 0.551751 0.000918 1.109826 0.003743 1.667150 0.008426 2.223153 0.015021 2.777752 0.023584 3.328433 0.034173 3.878714 0.046869 4.431841 0.061730 4.984285 0.079017 5.534657 0.098380 6.085140 0.120125 6.635555 0.144292 7.188819 0.171065 7.742455 0.200322 8.296077 0.232068 8.849431 0.266298 9.402563 0.303024 9.958240 0.342358 10.508290 0.383827 11.057790 0.427711 11.609139 0.474223 12.159811 0.523082 12.710243 0.574266 13.260573 0.627749 13.808316 0.683191 14.356183 0.740898 14.901694 0.800529 15.448417 0.862451 15.996371 0.926614 16.542959 0.992710 17.088392 1.060579 17.640569 1.131016 18.187569 1.202602 18.739059 1.276422 19.290897 1.351873 19.842535 1.428787 20.393872 1.507033 20.946992 1.586758 21.496016 1.667171 22.044664 1.748667 22.592849 1.831176 23.142924 1.914983 23.691720 1.999538 24.239172 2.084800 24.782741 2.170424 25.325547 2.256766 25.868138 2.343924 26.410915 2.431972 26.953596 2.520920 27.500986 2.611039 28.048415 2.702065 28.593706 2.793749 29.139345 2.886528 29.679301 2.979542 30.215899 3.072956 30.752875 3.167506 31.290089 3.263259 31.827787 3.360340 32.365731 3.458838 32.907633 3.560005 33.446904 3.662163 33.983331 3.765338 34.517011 3.869629 35.050497 3.975649
CENTER 31 28 0.188398 0.000342 0.384077 0.001431 0.587374 0.003395 0.795707 0.006361 1.011845 0.010547 1.235594 0.016145 1.471412 0.023562 1.713873 0.032758 1.962552 0.043927 2.212572 0.056862 2.470447 0.072512 2.736159 0.091173 3.009661 0.113156 3.290617 0.138766 3.577566 0.168151 3.868970 0.201413 4.164610 0.238817 4.464186 0.280614 4.767182 0.327008 5.073830 0.379217 5.383214 0.436354 5.695005 0.498632 6.008899 0.566218 6.324605 0.639264 6.646433 0.718708 6.967510 0.803586 7.287587 0.893980 7.606586 0.990069 7.919293 1.089921 8.234189 1.197194 8.552044 1.312240 8.867428 1.432658 9.187366 1.562345 9.510302 1.700812 9.834659 1.848841 10.160296 2.005133 10.486024 2.169312 10.810496 2.340881 11.133393 2.519924 11.454490 2.706689 11.773620 2.901415 12.095485 3.106255 12.412178 3.317717 12.723568 3.535918 13.029427 3.760937 13.329455 3.992847 13.629498 4.235197 13.918529 4.481372 14.201882 4.734773 14.483297 5.000061 14.757929 5.271527 15.026704 5.549825 15.290120 5.835316 15.547690 6.127836 15.799572 6.427846 16.042289 6.730155 16.280541 7.042757 16.514079 7.365466 16.742635 7.698103 16.966069 8.040486 17.183555 8.391060 17.394239 8.748366 17.598044 9.112293 17.797712 9.489212
CENTER 32 32 0.395055 0.000779 0.781147 0.003368 1.160248 0.007692 1.529164 0.013673 1.894890 0.021307 2.261653 0.030522 2.627921 0.041479 2.983744 0.053522 3.340344 0.067193 3.689954 0.082004 4.027736 0.097512 4.361582 0.114226 4.695982 0.132123 5.023258 0.151352 5.332584 0.170052 5.634098 0.189460 5.932017 0.209840 6.215710 0.230435 6.498099 0.251150 6.772672 0.271786 7.039139 0.292041 7.304164 0.311909 7.553618 0.331360 7.797968 0.350222 8.038298 0.368492 8.278419 0.386596 8.514764 0.404185 8.746699 0.421313 8.973443 0.438040 9.191703 0.454392 9.415311 0.470211 9.628810 0.485096 9.836106 0.499443 10.037133 0.513137 10.231435 0.526088 10.419824 0.538251 10.603545 0.549622 10.785005 0.559949 10.961395 0.569654 11.130379 0.578753 11.294893 0.587417 11.454953 0.595634 11.608878 0.603142 11.759303 0.610134 11.903976 0.616235 12.045196 0.622373 12.183218 0.627921 12.315795 0.632624 12.447060 0.637129 12.574171 0.641217 12.698125 0.644939 12.816408 0.648369 12.932098 0.651925 13.040567 0.654200 13.144200 0.655734 13.246843 0.656930 13.346271 0.657037 13.443280 0.656144 13.538486 0.654389 13.631617 0.651836 13.722051 0.648529 13.813567 0.644892 13.903743 0.640730 13.994403 0.636079
CENTER 34 51 0.368604 0.003523 0.738012 0.014233 1.107405 0.032245 1.484830 0.058353 1.861565 0.091992 2.244642 0.134275 2.631224 0.185316 3.018828 0.245029 3.403880 0.313039 3.779523 0.388115 4.154156 0.472016 4.528341 0.565017 4.905147 0.667964 5.283039 0.780672 5.660145 0.903136 6.029082 1.032636 6.394044 1.171342 6.755315 1.319458 7.113997 1.477999 7.469859 1.646082 7.822126 1.823389 8.169934 2.009501 8.513140 2.204381 8.852004 2.408319 9.186769 2.621599 9.517143 2.844096 9.842897 3.075712 10.163831 3.316300 10.476898 3.563546 10.783413 3.817953 11.086903 4.082790 11.384455 4.355883 11.679216 4.639602 11.970461 4.933378 12.256986 5.236043 12.540467 5.549883 12.820882 5.874039 13.095113 6.205252 13.361371 6.540301 13.624418 6.885073 13.881013 7.235673 14.131645 7.592368 14.376555 7.955116 14.615679 8.323459 14.849704 8.697965 15.079435 9.079426 15.304964 9.467729 15.524132 9.859618 15.740300 10.259626 15.955109 10.670822 16.166506 11.088497 16.374733 11.512691 16.579519 11.942661 16.780680 12.377706 16.976784 12.814161 17.171028 13.258478 17.363514 13.710461 17.554411 14.170053 17.745572 14.640907 17.934366 15.116532 18.120704 15.596111 18.304827 16.079551 18.486873 16.566524 18.664786 17.053907
CENTER 36 87 0.042257 0.000264 0.088140 0.000612 0.138332 0.001046 0.192525 0.001561 0.251186 0.002164 0.314561 0.002850 0.382903 0.003628 0.455711 0.004484 0.533059 0.005425 0.615967 0.006479 0.704629 0.007643 0.798601 0.008913 0.899499 0.010291 1.006162 0.011770 1.119888 0.013356 1.238638 0.015024 1.364075 0.016783 1.494318 0.018587 1.631950 0.020538 1.778290 0.022615 1.931223 0.024884 2.092601 0.027353 2.261341 0.030068 2.439885 0.033073 2.626274 0.036368 2.818376 0.039957 3.019483 0.043829 3.226875 0.047938 3.445557 0.052442 3.671706 0.057321 3.903106 0.062677 4.142953 0.068716 4.389539 0.075332 4.643318 0.082594 4.904765 0.090506 5.170501 0.099041 5.446790 0.108434 5.730043 0.118708 6.022818 0.129972 6.318300 0.141936 6.619365 0.155214 6.926733 0.169997 7.236951 0.186239 7.554081 0.204172 7.876246 0.223799 8.205852 0.245245 8.542042 0.268623 8.885928 0.294215 9.229029 0.321578 9.576857 0.351710 9.929037 0.384316 10.283887 0.419076 10.637814 0.455920 10.992868 0.494149 11.353557 0.535265 11.720185 0.579384 12.092170 0.626566 12.468262 0.676763 12.846499 0.729687 13.231962 0.786265 13.616671 0.844698 14.003336 0.905709 14.394111 0.969286 14.781772 1.035345
CENTER 39 22 0.479122 0.000263 0.955769 0.001102 1.442813 0.002656 1.927715 0.004892 2.400863 0.007639 2.864031 0.010842 3.340582 0.015047 3.815825 0.019157 4.276053 0.024904 4.741521 0.031436 5.208811 0.038716 5.678587 0.046776 6.152408 0.055839 6.625839 0.065459 7.087911 0.075187 7.553201 0.085829 8.040626 0.098717 8.522715 0.112292 9.000075 0.126636 9.470383 0.141564 9.931971 0.156930 10.389172 0.173005 10.855356 0.190542 11.309803 0.208542 11.772715 0.228184 12.233140 0.248909 12.691087 0.270768 13.147272 0.293840 13.601500 0.318144 14.043764 0.342910 14.484879 0.368877 14.933998 0.396810 15.380161 0.425811 15.813555 0.454973 16.244426 0.485186 16.672117 0.516357 17.097277 0.548489 17.529475 0.581902 17.957959 0.616191 18.373349 0.650173 18.788026 0.685446 19.193091 0.721204 19.589607 0.756392 20.000170 0.794947 20.409964 0.834073 20.817300 0.873375 21.221852 0.912628 21.621087 0.951161 22.024015 0.989512 22.420302 1.026666 22.809977 1.062374 23.192904 1.096441 23.569386 1.128711 23.941217 1.159155 24.310120 1.187771 24.676282 1.214407 25.039578 1.238829 25.408282 1.262539 25.773129 1.283462 26.134121 1.301514 26.491103 1.316524 26.836422 1.329945 27.177756 1.340583 27.526207 1.344866
CENTER 40 12 0.436327 0.000168 0.872349 0.000806 1.308635 0.002011 1.761531 0.004044 2.212715 0.006858 2.662168 0.010618 3.110141 0.015498 3.572048 0.021706 4.025906 0.029422 4.473067 0.038872 4.913221 0.050228 5.346022 0.063657 5.774837 0.079348 6.203325 0.097522 6.631222 0.118376 7.026838 0.140402 7.431291 0.166444 7.844332 0.196709 8.266001 0.231486 8.696310 0.271026 9.130446 0.315059 9.563813 0.363370 9.996859 0.416204 10.429434 0.473720 10.861324 0.536092 11.292284 0.603506 11.722053 0.676111 12.166004 0.755621 12.601073 0.839701 13.027236 0.928519 13.443924 1.022146 13.850825 1.120679 14.266053 1.229769 14.676540 1.344229 15.081997 1.464230 15.482454 1.589907 15.877729 1.721361 16.268402 1.859046 16.655096 2.003352 17.037469 2.154250 17.415467 2.311824 17.789023 2.476159 18.158251 2.647523 18.523067 2.826042 18.868782 3.006527 19.211470 3.194970 19.550846 3.391366 19.886676 3.595663 20.218890 3.807952 20.546593 4.028057 20.868892 4.255748 21.185859 4.491216 21.497288 4.734516 21.802973 4.985634 22.102511 5.244355 22.395695 5.510587 22.682499 5.784351 22.962648 6.065481 23.235859 6.353848 23.502025 6.649509 23.760819 6.952344 24.011720 7.262059 24.254480 7.578574 24.488839 7.901703
CENTER 41 19 0.397204 0.005494 0.806142 0.021788 1.211461 0.048183 1.613214 0.084363 2.001741 0.129234 2.390851 0.183810 2.782259 0.248177 3.168510 0.320843 3.562735 0.404100 3.962663 0.497645 4.366288 0.601072 4.773887 0.714232 5.202850 0.841306 5.635952 0.978701 6.060992 1.121580 6.477991 1.269443 6.896324 1.425566 7.308629 1.586743 7.719364 1.754308 8.129693 1.928561 8.530493 2.105412 8.924910 2.284521 9.322862 2.471265 9.713795 2.661072 10.113016 2.860315 10.530011 3.073246 10.951915 3.294038 11.378860 3.522466 11.808817 3.757369 12.239448 3.997293 12.671566 4.242186 13.106272 4.492079 13.540727 4.744709 13.975042 4.999788 14.409669 5.257317 14.844888 5.517274 15.281966 5.780418 15.722186 6.047466 16.165445 6.318173 16.611841 6.592429 17.061286 6.870015 17.524442 7.157041 17.976989 7.440023 18.436258 7.728025 18.890037 8.015624 19.355383 8.310306 19.848144 8.619764 20.349526 8.936388 20.867509 9.267338 21.385150 9.598754 21.894923 9.928521 22.384392 10.247586 22.870025 10.565563 23.354225 10.883925 23.853500 11.212542 24.355317 11.544192 24.858857 11.878237 25.363031 12.213828 25.868028 12.550953 26.361147 12.883929 26.851148 13.211692 27.350299 13.544445 27.857842 13.881952 28.373199 14.223954
CENTER 42 73 0.064438 0.000094 0.135394 0.000188 0.212740 0.000292 0.297166 0.000417 0.388448 0.000569 0.486494 0.000741 0.591831 0.000921 0.702868 0.001085 0.821408 0.001249 0.945767 0.001389 1.079398 0.001527 1.219593 0.001653 1.367737 0.001792 1.525592 0.001968 1.692249 0.002176 1.867152 0.002425 2.048705 0.002671 2.239399 0.002917 2.440116 0.003128 2.647692 0.003302 2.866597 0.003421 3.092498 0.003569 3.327839 0.003799 3.570011 0.004142 3.819200 0.004567 4.076924 0.005060 4.341506 0.005650 4.612961 0.006392 4.891567 0.007238 5.175291 0.008224 5.467692 0.009406 5.767567 0.010783 6.070374 0.012313 6.381902 0.014253 6.701548 0.016628 7.031080 0.019627 7.367478 0.023236 7.708967 0.027527 8.052798 0.032435 8.403234 0.038141 8.757991 0.044786 9.116875 0.052400 9.479971 0.061026 9.846833 0.070676 10.214957 0.081477 10.588874 0.093365 10.966132 0.106173 11.345136 0.119906 11.731072 0.134929 12.122827 0.151217 12.521670 0.169029 12.924287 0.188016 13.334953 0.208096 13.749265 0.229400 14.163899 0.251636 14.582394 0.275702 14.995238 0.299907 15.411071 0.324938 15.830576 0.350684 16.251459 0.376885 16.679892 0.404289 17.112369 0.432407 17.542252 0.460894 17.975645 0.489789
CENTER 44 58 0.535746 0.001688 1.068629 0.006577 1.613119 0.015022 2.165864 0.027158 2.720475 0.042730 3.276236 0.061755 3.830578 0.084134 4.382720 0.109803 4.938703 0.138964 5.497241 0.171938 6.053863 0.208210 6.612808 0.247648 7.167799 0.290059 7.719495 0.335400 8.268745 0.383640 8.815575 0.434722 9.360854 0.488639 9.905403 0.545376 10.453367 0.605400 11.000239 0.668090 11.545967 0.732962 12.090323 0.800277 12.633457 0.869959 13.175668 0.941956 13.716801 1.016075 14.256867 1.092337 14.796002 1.170678 15.333860 1.251021 15.870473 1.333328 16.406139 1.417605 16.940795 1.503796 17.470445 1.591459 18.004927 1.681675 18.537695 1.773832 19.064333 1.866899 19.595140 1.962739 20.122890 2.060282 20.647591 2.159596 21.174392 2.261476 21.697425 2.365252 22.212774 2.470268 22.722949 2.576793 23.233050 2.686214 23.743841 2.798915 24.256094 2.915219 24.769338 3.035225 25.282287 3.158762 25.794436 3.285793 26.305466 3.417138 26.807483 3.549861 27.311609 3.686828 27.821903 3.828904 28.332234 3.975171 28.841988 4.125708 29.356314 4.281957 29.863232 4.440619 30.359385 4.600212 30.850625 4.762689 31.336846 4.927963 31.811063 5.094111 32.285470 5.264477 32.764297 5.439859 33.244466 5.620575 33.720865 5.804007
CENTER 46 25 0.398278 0.000738 0.800788 0.003017 1.200678 0.006998 1.597508 0.012957 1.991102 0.020966 2.392699 0.031742 2.816011 0.045852 3.241119 0.063231 3.673335 0.084337 4.100854 0.109017 4.522174 0.137451 4.946597 0.170525 5.367587 0.207868 5.786035 0.249799 6.195858 0.296337 6.612086 0.348696 7.023943 0.406026 7.424884 0.467891 7.822335 0.535202 8.215525 0.608033 8.605742 0.686737 9.001648 0.773735 9.394722 0.866865 9.784607 0.966332 10.171225 1.072383 10.554354 1.185171 10.934424 1.305019 11.311582 1.432161 11.685538 1.566605 12.049588 1.705429 12.413042 1.853375 12.775701 2.010598 13.130212 2.174736 13.484021 2.348601 13.835258 2.531382 14.176890 2.718984 14.523252 2.920666 14.872646 3.134423 15.217093 3.356707 15.556671 3.587587 15.890097 3.826292 16.227621 4.080740 16.549216 4.336180 16.868780 4.602126 17.177824 4.872550 17.470402 5.143201 17.754449 5.419985 18.025221 5.698626 18.289718 5.985364 18.544056 6.275002 18.790244 6.569719 19.033018 6.877383 19.271647 7.197283 19.505422 7.528795 19.733062 7.870375 19.952523 8.218977 20.166823 8.578998 20.375477 8.947722 20.572087 9.316595 20.756880 9.685541 20.930068 10.054420 21.090209 10.417407 21.242169 10.786830 21.387016 11.163805
CENTER 49 13 0.437367 0.001042 0.871773 0.004231 1.303184 0.009772 1.745953 0.017955 2.180628 0.028679 2.608473 0.042086 3.028745 0.058296 3.441164 0.077476 3.849165 0.099984 4.255427 0.126188 4.659297 0.156404 5.061063 0.191022 5.433426 0.227648 5.809945 0.270310 6.189922 0.319183 6.573083 0.374389 6.959124 0.435981 7.343963 0.503343 7.723795 0.575857 8.099020 0.653606 8.469556 0.736607 8.834872 0.824784 9.195157 0.918152 9.550449 1.016593 9.900344 1.119819 10.257713 1.230245 10.604727 1.343449 10.941363 1.459015 11.267437 1.576490 11.592686 1.699721 11.908577 1.824389 12.217729 1.950923 12.519956 2.078950 12.815476 2.208210 13.105090 2.338730 13.389261 2.470396 13.667934 2.602816 13.941256 2.735697 14.209541 2.868874 14.472925 3.002091 14.731561 3.135056 14.985723 3.267577 15.226171 3.394766 15.463567 3.521616 15.697833 3.647852 15.929207 3.773460 16.157653 3.898335 16.382463 4.022000 16.603181 4.144097 16.820054 4.264625 17.033146 4.383422 17.242345 4.500197 17.447649 4.614787 17.649301 4.727274 17.847288 4.837682 18.041447 4.946020 18.231879 5.052497 18.418608 5.157201 18.601417 5.259973 18.780305 5.360698 18.955404 5.459289 19.126648 5.555554 19.294017 5.649392 19.457550 5.740828
CENTER 52 22 0.264748 0.000203 0.534682 0.001006 0.809543 0.002436 1.089223 0.004531 1.374937 0.007282 1.662459 0.010574 1.957870 0.014622 2.261080 0.019563 2.578003 0.025594 2.901267 0.032843 3.230502 0.041501 3.564911 0.051735 3.904220 0.063677 4.241064 0.076833 4.586489 0.092061 4.939873 0.109444 5.294943 0.129014 5.658675 0.150898 6.029015 0.174983 6.412225 0.201846 6.799074 0.230691 7.188808 0.261415 7.580873 0.293880 7.975211 0.328046 8.372209 0.363914 8.772276 0.401424 9.175131 0.440504 9.588478 0.481964 10.001229 0.524538 10.413465 0.568125 10.825161 0.612598 11.228071 0.657080 11.635368 0.702690 12.040454 0.748534 12.442682 0.794485 12.855326 0.842240 13.276395 0.891556 13.704406 0.942239 14.150889 0.995785 14.600516 1.050046 15.052083 1.104768 15.506291 1.160037 15.972808 1.217139 16.438981 1.274347 16.905624 1.331783 17.380690 1.390492 17.840863 1.447323 18.301486 1.504393 18.774023 1.562921 19.247562 1.621898 19.723990 1.681525 20.204165 1.741808 20.687535 1.802551 21.163833 1.862203 21.649537 1.922770 22.144047 1.984036 22.647444 2.045939 23.159623 2.108423 23.677720 2.171044 24.199395 2.233431 24.724946 2.295603 25.265209 2.358986 25.794325 2.420028 26.323293 2.480187
CENTER 55 41 0.313866 0.001868 0.634148 0.007799 0.957005 0.017981 1.282263 0.032642 1.609822 0.052000 1.935034 0.076055 2.259625 0.105053 2.586903 0.139337 2.916567 0.179110 3.251623 0.224870 3.586965 0.276316 3.921920 0.333597 4.252542 0.396085 4.580415 0.464317 4.911511 0.539889 5.246281 0.623079 5.584492 0.714108 5.925204 0.812985 6.270285 0.920775 6.610938 1.034946 6.951014 1.156716 7.290189 1.286193 7.624642 1.421785 7.963806 1.568446 8.298578 1.721708 8.634019 1.884666 8.969930 2.057477 9.305188 2.239824 9.646360 2.435695 9.986627 2.641578 10.315995 2.851753 10.649704 3.075825 10.973284 3.304823 11.287680 3.539326 11.591008 3.778269 11.883764 4.021238 12.171267 4.272386 12.452145 4.529477 12.729783 4.797050 13.000628 5.071523 13.268240 5.357321 13.532161 5.654157 13.791645 5.961161 14.045941 6.277421 14.296719 6.605328 14.539744 6.938904 14.774988 7.278082 15.005021 7.626661 15.226836 7.980128 15.438205 8.336063 15.642731 8.698977 15.840327 9.068614 16.031205 9.445113 16.215559 9.828634 16.393271 10.218936 16.566592 10.619427 16.732272 11.024453 16.891319 11.438498 17.040545 11.851583 17.182980 12.270361 17.319135 12.695496 17.449604 13.127834 17.574567 13.567734 17.691900 14.009937
CENTER 57 27 0.106611 0.000083 0.217320 0.000301 0.332147 0.000673 0.454267 0.001264 0.581150 0.002063 0.713316 0.003089 0.851198 0.004380 0.996478 0.006049 1.147624 0.008119 1.305149 0.010676 1.469176 0.013793 1.641834 0.017551 1.820741 0.022015 2.006365 0.027273 2.198650 0.033416 2.397618 0.040552 2.603668 0.048812 2.817110 0.058342 3.035188 0.069235 3.265441 0.082105 3.502209 0.096747 3.745442 0.113371 3.994885 0.132191 4.249973 0.153421 4.505979 0.176588 4.769868 0.203137 5.041200 0.233345 5.319554 0.267468 5.604466 0.305764 5.894453 0.348263 6.188082 0.395054 6.480412 0.445873 6.776620 0.501480 7.076349 0.562087 7.384648 0.629649 7.695275 0.702400 8.007546 0.780452 8.320901 0.863948 8.635257 0.953033 8.955394 1.048767 9.274649 1.150106 9.587552 1.254877 9.901758 1.366888 10.216980 1.486262 10.533946 1.613320 10.853383 1.748420 11.168529 1.888078 11.490240 2.039266 11.812435 2.198487 12.129769 2.364151 12.447861 2.538478 12.765307 2.720825 13.081199 2.910746 13.400804 3.111055 13.715674 3.317773 14.025468 3.530894 14.330031 3.750482 14.629015 3.976505 14.923441 4.209837 15.209291 4.447888 15.491900 4.694373 15.776000 4.952286 16.054179 5.217042 16.326254 5.488497
CENTER 58 23 0.562651 0.001022 1.115236 0.004233 1.659676 0.009451 2.201112 0.016565 2.742033 0.025465 3.281929 0.036033 3.821075 0.048223 4.359428 0.061996 4.896931 0.077277 5.433866 0.094016 5.980431 0.112541 6.513964 0.131933 7.046446 0.152849 7.577861 0.175378 8.108311 0.199605 8.638693 0.225615 9.168859 0.253419 9.698022 0.282980 10.226218 0.314299 10.753381 0.347470 11.269018 0.381852 11.785066 0.418454 12.301466 0.457520 12.817855 0.499282 13.334198 0.543971 13.850240 0.591835 14.365194 0.643132 14.878977 0.698223 15.381638 0.755812 15.886796 0.818851 16.405637 0.890188 16.925112 0.967671 17.445120 1.051764 17.954011 1.140456 18.463800 1.236808 18.975042 1.341430 19.478591 1.451849 19.987475 1.572554 20.509045 1.706388 21.029562 1.849499 21.548761 2.001998 22.074132 2.165579 22.590197 2.336500 23.096181 2.514576 23.591630 2.699868 24.076039 2.892256 24.551316 3.092313 25.019336 3.300621 25.471153 3.513855 25.928710 3.739858 26.379188 3.973582 26.822798 4.214854 27.259178 4.463198 27.687662 4.717942 28.109881 4.979382 28.527807 5.247997 28.941328 5.523351 29.350788 5.805220 29.756825 6.093596 30.152182 6.382122 30.547489 6.679165 30.950787 6.990987 31.353382 7.309835 31.755180 7.635224
CENTER 59 41 0.566776 0.000860 1.127173 0.003333 1.692990 0.007433 2.263975 0.013143 2.839965 0.020436 3.425305 0.029536 4.016049 0.040287 4.604266 0.052452 5.190310 0.066060 5.774515 0.081169 6.358175 0.097906 6.936643 0.116222 7.519340 0.136424 8.106097 0.158553 8.696721 0.182656 9.291307 0.208773 9.881999 0.236350 10.476772 0.266149 11.088514 0.298879 11.701027 0.333772 12.314202 0.370849 12.926569 0.409966 13.536994 0.450974 14.154035 0.494399 14.771515 0.539706 15.396186 0.586900 16.019052 0.635680 16.633380 0.685289 17.246986 0.736306 17.860518 0.788673 18.468490 0.841528 19.073173 0.895368 19.681288 0.950451 20.292424 1.006665 20.906245 1.063908 21.521881 1.121989 22.145225 1.181291 22.768715 1.241134 23.385211 1.300983 24.004506 1.361316 24.626693 1.422069 25.258574 1.483850 25.891058 1.545691 26.522588 1.607442 27.151728 1.668942 27.778512 1.730121 28.404381 1.791033 29.037395 1.852621 29.667532 1.913554 30.302345 1.974340 30.933636 2.034282 31.561410 2.093296 32.187435 2.151509 32.813088 2.209027 33.438542 2.265787 34.064217 2.321752 34.689965 2.376836 35.315459 2.430951 35.926220 2.482322 36.541137 2.533000 37.159889 2.582914 37.775809 2.631409 38.396256 2.679195 39.018870 2.726018
CENTER 61 30 0.363995 0.000032 0.735936 0.000159 1.110411 0.000402 1.487547 0.000790 1.867497 0.001373 2.250705 0.002192 2.637584 0.003285 3.028373 0.004701 3.423252 0.006500 3.827991 0.008730 4.234707 0.011493 4.643554 0.014892 5.049596 0.019001 5.458347 0.023887 5.877486 0.029715 6.300423 0.036369 6.727163 0.043871 7.157288 0.052246 7.590366 0.061541 8.027016 0.071821 8.467516 0.083145 8.911551 0.095553 9.359065 0.109067 9.809990 0.123696 10.264160 0.139441 10.721662 0.156287 11.182599 0.174209 11.646837 0.193181 12.114341 0.213175 12.584934 0.234145 13.058422 0.256045 13.534707 0.278826 14.013747 0.302434 14.488865 0.326673 14.967594 0.351653 15.449624 0.377306 15.934749 0.403578 16.415527 0.429988 16.901355 0.457133 17.391426 0.484981 17.885886 0.513538 18.384804 0.542814 18.886601 0.572713 19.397067 0.603711 19.899845 0.634755 20.406926 0.666525 20.918236 0.699042 21.433835 0.732316 21.954097 0.766386 22.477718 0.801192 23.003004 0.836614 23.529870 0.872620 24.058056 0.909169 24.587601 0.946214 25.118382 0.983694 25.658546 1.022029 26.203255 1.060938 26.742299 1.099712 27.275877 1.138344 27.804024 1.176838 28.328153 1.215284 28.851388 1.253899 29.368057 1.292253 29.885863 1.331007
CENTER 62 13 0.406609 0.005991 0.817321 0.023682 1.231933 0.053153 1.650325 0.094421 2.071029 0.147380 2.493100 0.211948 2.916906 0.288160 3.342199 0.376066 3.768902 0.475815 4.196905 0.587520 4.625886 0.711285 5.055788 0.847263 5.486285 0.995411 5.916619 1.155299 6.346632 1.326512 6.761040 1.502108 7.182268 1.690789 7.609763 1.891934 8.043183 2.105008 8.482718 2.329890 8.924949 2.564857 9.380296 2.817215 9.828627 3.073133 10.286335 3.340838 10.736353 3.610892 11.178771 3.882402 11.616682 4.156624 12.053956 4.435501 12.475593 4.710208 12.891642 4.981697 13.317168 5.261791 13.752393 5.550593 14.197107 5.848036 14.647489 6.151906 15.098678 6.458987 15.564204 6.780123 16.023864 7.098884 16.477868 7.414899 16.926357 7.727759 17.369929 8.037392 17.812346 8.346567 18.256461 8.657587 18.702105 8.970208 19.149554 9.284576 19.599018 9.600776 20.034084 9.909281 20.497815 10.233850 20.949464 10.552329 21.415238 10.879001 21.894521 11.214074 22.400936 11.566707 22.926436 11.936476 23.448981 12.301100 23.979430 12.676858 24.495242 13.044791 24.998104 13.405392 25.492224 13.761363 25.965713 14.100820 26.423767 14.427723 26.887164 14.759067 27.355464 15.094717 27.828836 15.435010 28.305687 15.778871 28.766730 16.114711
CENTER 65 42 0.195155 0.000071 0.388232 0.000284 0.579326 0.000648 0.768822 0.001170 0.956919 0.001856 1.143611 0.002720 1.328870 0.003775 1.511201 0.005022 1.692576 0.006453 1.872929 0.008023 2.054082 0.009741 2.231685 0.011563 2.408140 0.013508 2.582902 0.015532 2.758013 0.017642 2.932393 0.019816 3.103622 0.022019 3.271291 0.024251 3.431704 0.026488 3.589845 0.028720 3.746135 0.030918 3.899135 0.033061 4.051884 0.035164 4.203048 0.037248 4.352384 0.039324 4.498021 0.041388 4.644446 0.043492 4.789219 0.045648 4.932826 0.047877 5.077355 0.050285 5.221146 0.052828 5.363896 0.055524 5.507952 0.058426 5.653611 0.061574 5.801445 0.065012 5.951921 0.068784 6.104910 0.072917 6.260558 0.077446 6.419211 0.082406 6.581000 0.087824 6.748679 0.093700 6.919496 0.100122 7.094586 0.107186 7.272426 0.114896 7.454359 0.123367 7.640466 0.132684 7.829013 0.142835 8.020297 0.153906 8.211856 0.165983 8.406509 0.179126 8.601591 0.192901 8.801693 0.208298 9.004932 0.225298 9.212849 0.244148 9.425135 0.264954 9.639757 0.287630 9.857194 0.312176 10.077209 0.338714 10.299563 0.367370 10.524133 0.398303 10.752708 0.432804 10.982923 0.469682 11.214517 0.509092 11.447261 0.551131
CENTER 67 13 0.539092 0.000936 1.072620 0.003822 1.583974 0.008443 2.077605 0.014664 2.574784 0.022443 3.075629 0.031448 3.579917 0.041444 4.083450 0.052395 4.581931 0.064438 5.075139 0.077773 5.563401 0.092723 6.047419 0.109817 6.527584 0.129537 7.003882 0.152269 7.476573 0.178462 7.962765 0.209103 8.438815 0.243383 8.905449 0.281607 9.362886 0.324001 9.811363 0.370821 10.255177 0.422522 10.712981 0.482301 11.167330 0.547036 11.618429 0.616949 12.066453 0.692336 12.511831 0.773539 12.955922 0.861104 13.399813 0.955524 13.843599 1.057115 14.287299 1.166147 14.730656 1.282702 15.173599 1.406950 15.615963 1.538998 16.057552 1.678818 16.483199 1.823018 16.909471 1.975654 17.336033 2.136686 17.762538 2.306060 18.188398 2.483573 18.612192 2.668761 19.032882 2.861214 19.450354 3.060729 19.864858 3.267218 20.276735 3.480525 20.685860 3.700234 21.092412 3.926066 21.496658 4.157715 21.898640 4.394705 22.298724 4.636666 22.697575 4.883341 23.095653 5.134311 23.493142 5.389003 23.890483 5.647031 24.288312 5.908225 24.686943 6.172317 25.086485 6.438995 25.487464 6.708263 25.890394 6.980174 26.295307 7.254456 26.702459 7.530930 27.097384 7.799716 27.501423 8.074611 27.914097 8.355221 28.335419 8.641497
CENTER 68 38 0.671824 0.000387 1.339755 0.001610 1.996900 0.003716 2.651750 0.006827 3.304629 0.011044 3.957395 0.016470 4.603927 0.023102 5.254325 0.031197 5.908320 0.040868 6.565845 0.052203 7.226730 0.065269 7.889726 0.080117 8.553552 0.096795 9.218077 0.115342 9.883579 0.135814 10.550332 0.158278 11.218192 0.182763 11.894737 0.209503 12.571286 0.238200 13.247994 0.268823 13.916889 0.301251 14.586917 0.335486 15.266061 0.371751 15.944013 0.409542 16.620693 0.448745 17.295545 0.489240 17.968003 0.530910 18.639868 0.573746 19.312700 0.617729 19.986258 0.662787 20.660286 0.708848 21.334662 0.755844 22.009420 0.803728 22.676449 0.851989 23.344155 0.901039 24.012277 0.950786 24.680738 1.001149 25.349324 1.052038 26.017448 1.103342 26.685028 1.155005 27.344663 1.206493 28.007659 1.258536 28.673979 1.311141 29.335516 1.363752 30.004021 1.417201 30.677489 1.471328 31.354304 1.525982 32.034661 1.581122 32.725789 1.637286 33.416006 1.693492 34.105677 1.749719 34.794933 1.805938 35.483752 1.862096 36.172875 1.918176 36.862882 1.974145 37.553676 2.029899 38.245419 2.085358 38.937824 2.139909 39.633841 2.194386 40.341819 2.249532 41.050265 2.304228 41.759035 2.358446 42.474454 2.412642 43.184021 2.465702
CENTER 69 42 0.209878 -0.000041 0.426431 -0.000144 0.653976 -0.000283 0.887559 -0.000428 1.130206 -0.000539 1.380812 -0.000500 1.636798 -0.000328 1.898823 -0.000010 2.169614 0.000447 2.445710 0.001092 2.727361 0.001934 3.014633 0.002958 3.304570 0.004161 3.600595 0.005557 3.900465 0.007121 4.207238 0.008924 4.523799 0.011077 4.845850 0.013645 5.173158 0.016724 5.505343 0.020404 5.838843 0.024781 6.177440 0.029938 6.521119 0.035932 6.866365 0.042807 7.216762 0.050697 7.567922 0.059530 7.920818 0.069696 8.277453 0.080849 8.642937 0.093724 9.016617 0.108409 9.397440 0.124969 9.783470 0.143491 10.172825 0.163999 10.568834 0.187015 10.975248 0.212681 11.382382 0.240413 11.798383 0.270716 12.211067 0.303170 12.620851 0.337933 13.028285 0.375198 13.433517 0.415124 13.842187 0.458081 14.241047 0.502906 14.641365 0.551184 15.038639 0.602876 15.433326 0.657755 15.838221 0.717611 16.245670 0.781454 16.654310 0.849233 17.068898 0.921720 17.477178 0.997513 17.883482 1.077216 18.288083 1.160981 18.684862 1.248141 19.086080 1.340470 19.486199 1.437419 19.884797 1.539024 20.277972 1.643640 20.667830 1.751921 21.063375 1.869771 21.457413 1.991685 21.848939 2.120602 22.250342 2.257758 22.653945 2.401378
CENTER 72 31 0.573118 0.000005 1.137977 -0.000007 1.701297 -0.000118 2.262898 -0.000448 2.815655 -0.001196 3.370703 -0.002370 3.927164 -0.003932 4.492847 -0.006038 5.058952 -0.008256 5.623348 -0.010373 6.192572 -0.012167 6.754362 -0.013362 7.316776 -0.013585 7.871828 -0.012957 8.419475 -0.011387 8.961653 -0.008821 9.500371 -0.005136 10.035980 -0.000146 10.568556 0.006360 11.090967 0.014469 11.613474 0.024334 12.134945 0.036432 12.653396 0.050068 13.169096 0.065197 13.673051 0.081209 14.173725 0.098901 14.672896 0.118433 15.172078 0.139970 15.671287 0.163628 16.161804 0.189104 16.650743 0.216822 17.138192 0.246911 17.624143 0.279457 18.115651 0.314554 18.602348 0.352280 19.084135 0.392672 19.561106 0.435813 20.033513 0.481796 20.509464 0.531911 20.983371 0.584767 21.455061 0.640401 21.938490 0.700205 22.416091 0.762535 22.888561 0.827585 23.356235 0.895493 23.818929 0.966317 24.278557 1.040332 24.736636 1.117719 25.192752 1.198487 25.646778 1.282690 26.098570 1.370352 26.547841 1.461446 26.988002 1.554796 27.425902 1.651735 27.861121 1.752202 28.293369 1.856143 28.722256 1.963443 29.147058 2.073893 29.560482 2.186488 29.970111 2.302070 30.375745 2.420447 30.777343 2.541391 31.174886 2.664690 31.567919 2.790066
CENTER 74 35 0.578365 0.000191 1.155401 0.000715 1.731147 0.001609 2.305661 0.002891 2.886226 0.004558 3.470577 0.006607 4.051288 0.009071 4.628406 0.011975 5.209237 0.015372 5.784522 0.019254 6.356601 0.023682 6.925824 0.028699 7.492089 0.034331 8.057209 0.040614 8.622723 0.047593 9.181440 0.055400 9.741348 0.064029 10.295083 0.073279 10.852970 0.083698 11.414921 0.095380 11.980231 0.108422 12.548309 0.122913 13.117596 0.138864 13.686916 0.156282 14.249145 0.175077 14.812220 0.195550 15.376275 0.217780 15.941158 0.241833 16.506481 0.267786 17.078895 0.296323 17.650125 0.326834 18.213035 0.359497 18.785560 0.394266 19.356559 0.431290 19.926769 0.470692 20.496446 0.512558 21.063199 0.556933 21.627381 0.603888 22.191267 0.653451 22.754542 0.705632 23.317057 0.760431 23.879215 0.817278 24.440552 0.876969 25.000717 0.939440 25.559884 1.004697 26.118207 1.072703 26.675595 1.143249 27.239450 1.216290 27.794594 1.291623 28.349202 1.369368 28.903352 1.449535 29.463948 1.533078 30.021173 1.618501 30.567994 1.705000 31.111585 1.793408 31.651643 1.883665 32.190162 1.976059 32.728887 2.070809 33.267023 2.167754 33.804313 2.266754 34.340798 2.367728 34.876506 2.470627 35.411480 2.575326 35.938504 2.680253
CENTER 75 21 0.463100 0.002004 0.931555 0.008879 1.407211 0.020715 1.875388 0.037767 2.336715 0.060307 2.791546 0.088596 3.241061 0.122890 3.688559 0.163371 4.136340 0.210215 4.584146 0.263573 5.031707 0.323538 5.479139 0.390316 5.926458 0.464126 6.373390 0.545060 6.819654 0.633205 7.273771 0.731747 7.717744 0.834348 8.160871 0.944432 8.603109 1.062043 9.044602 1.187233 9.485848 1.320149 9.917220 1.458857 10.348905 1.605145 10.780985 1.758914 11.213200 1.919934 11.645232 2.087937 12.076242 2.262508 12.505436 2.443174 12.932683 2.629555 13.358402 2.821421 13.782924 3.018469 14.206334 3.220318 14.629137 3.426746 15.051797 3.637515 15.474406 3.852298 15.897345 4.070910 16.321115 4.293200 16.745789 4.518871 17.171620 4.747718 17.598838 4.979484 18.017308 5.209329 18.441838 5.443262 18.872199 5.680961 19.297824 5.917883 19.745385 6.164969 20.210674 6.420362 20.663371 6.671410 21.118933 6.924461 21.574850 7.178440 22.031137 7.433345 22.491135 7.690598 22.954610 7.950171 23.420472 8.211684 23.888375 8.474995 24.358155 8.740041 24.829599 9.006675 25.302202 9.274581 25.776079 9.543717 26.238966 9.809028 26.720376 10.082563 27.211846 10.363226 27.700387 10.642517 28.186054 10.920551 28.676724 11.201130
CENTER 76 20 0.453557 -0.000875 0.904870 -0.003288 1.353659 -0.006789 1.799886 -0.010963 2.243413 -0.015409 2.684230 -0.019760 3.122436 -0.023738 3.558164 -0.027120 3.991392 -0.029717 4.422286 -0.031383 4.850781 -0.031966 5.276564 -0.031296 5.690168 -0.029534 6.104513 -0.026002 6.530191 -0.019955 6.954728 -0.011871 7.378044 -0.001609 7.797959 0.010817 8.212418 0.025394 8.621959 0.042224 9.026805 0.061353 9.426536 0.082762 9.830198 0.106139 10.208691 0.129873 10.582209 0.157816 10.952546 0.188743 11.311340 0.221600 11.672020 0.257682 12.032884 0.296301 12.390574 0.336834 12.745176 0.379084 13.095038 0.422638 13.438854 0.467095 13.792644 0.513281 14.125067 0.558495 14.446553 0.603497 14.765127 0.648810 15.069114 0.693153 15.362080 0.736838 15.646535 0.780076 15.921866 0.822771 16.195688 0.865975 16.462989 0.908726 16.723519 0.950885 16.977066 0.992305 17.228011 1.033797 17.471420 1.074321 17.707526 1.113834 17.935900 1.152166 18.156417 1.189161 18.369220 1.224693 18.568583 1.257966 18.760700 1.289813 18.945583 1.320243 19.123438 1.349338 19.289717 1.376577 19.449466 1.402705 19.602523 1.427706 19.746416 1.451157 19.885117 1.473738 20.018480 1.495458 20.146478 1.516317 20.269327 1.536335 20.386552 1.555446
CENTER 77 12 0.520041 0.000946 1.041552 0.003891 1.564695 0.009041 2.088005 0.016539 2.610712 0.026540 3.132922 0.039098 3.654309 0.054178 4.174705 0.071860 4.693995 0.092299 5.211825 0.115653 5.728200 0.142144 6.243117 0.171979 6.756608 0.205287 7.269115 0.242220 7.780665 0.283027 8.291220 0.328022 8.781394 0.374981 9.277954 0.428243 9.803009 0.492076 10.331644 0.562783 10.864139 0.640759 11.396826 0.725603 11.926045 0.816929 12.453366 0.915370 12.960999 1.016428 13.474021 1.127317 13.991902 1.248080 14.514387 1.378888 15.060122 1.522971 15.598382 1.674199 16.103759 1.827039 16.601122 1.986820 17.090008 2.153509 17.573921 2.327883 18.056314 2.510760 18.535647 2.701917 19.029261 2.906753 19.511701 3.117174 19.983448 3.333377 20.444512 3.555311 20.894653 3.782808 21.337494 4.016944 21.776651 4.258835 22.211937 4.508273 22.643495 4.765157 23.071781 5.029461 23.497233 5.301219 23.919749 5.580160 24.339491 5.866116 24.772045 6.170862 25.199571 6.480445 25.622148 6.794658 26.039860 7.113032 26.452658 7.434999 26.861225 7.760535 27.266111 8.089308 27.666886 8.420059 28.063368 8.751806 28.455170 9.083376 28.842294 9.413830 29.224825 9.742303 29.587837 10.055517 29.948491 10.367028 30.307171 10.676360
CENTER 78 46 0.416437 0.000170 0.832966 0.000606 1.245495 0.001414 1.659522 0.002647 2.078988 0.004525 2.498038 0.007033 2.916807 0.010270 3.327399 0.014122 3.738561 0.018835 4.151127 0.024438 4.569921 0.031060 4.990189 0.038482 5.410796 0.046622 5.838307 0.055919 6.259081 0.065625 6.679102 0.075973 7.098472 0.087005 7.512888 0.098830 7.933857 0.111827 8.348091 0.125407 8.768943 0.139681 9.190503 0.154858 9.607946 0.170534 10.025281 0.187172 10.441708 0.204791 10.853017 0.223148 11.269687 0.242756 11.687147 0.263393 12.110174 0.285336 12.528976 0.308728 12.951242 0.333591 13.374627 0.360183 13.793390 0.387933 14.207991 0.416770 14.610483 0.446103 15.012045 0.476680 15.410292 0.508549 15.810789 0.541921 16.213436 0.576835 16.616897 0.612812 17.021367 0.650627 17.426552 0.690221 17.840603 0.732373 18.253313 0.775791 18.664205 0.820224 19.072745 0.865491 19.478909 0.911652 19.883507 0.958909 20.286809 1.007409 20.687807 1.057040 21.093365 1.108482 21.490490 1.160386 21.883173 1.213200 22.271816 1.266970 22.656907 1.321721 23.039214 1.377485 23.425685 1.436897 23.808642 1.496927 24.188025 1.557641 24.560860 1.617908 24.930108 1.679102 25.295995 1.741416 25.658734 1.805016 26.018169 1.869820
CENTER 81 42 0.463141 0.000078 0.931899 0.000363 1.405321 0.000932 1.883250 0.001866 2.365790 0.003208 2.851899 0.004988 3.340666 0.007251 3.832401 0.010090 4.327190 0.013600 4.824944 0.017862 5.325669 0.022928 5.829406 0.028830 6.336023 0.035561 6.845349 0.043090 7.351225 0.051451 7.861423 0.060535 8.375567 0.070299 8.887844 0.080644 9.398676 0.091619 9.920549 0.103071 10.444240 0.115142 10.970033 0.127795 11.497622 0.140966 12.031351 0.154606 12.569764 0.168317 13.112153 0.181996 13.646114 0.195663 14.186370 0.209178 14.725883 0.222532 15.260127 0.235776 15.779841 0.248714 16.313178 0.261427 16.851550 0.274000 17.395301 0.286387 17.944123 0.298590 18.494727 0.310611 19.040005 0.322438 19.588472 0.334154 20.139746 0.345775 20.693705 0.357338 21.256093 0.369172 21.822477 0.380884 22.384407 0.392398 22.942306 0.403734 23.496285 0.414897 24.042209 0.425531 24.590399 0.436753 25.141857 0.448288 25.689286 0.460156 26.240107 0.472637 26.799433 0.485716 27.364016 0.499785 27.931762 0.514935 28.496280 0.530590 29.057572 0.546747 29.616204 0.563379 30.173991 0.580572 30.732379 0.598472 31.285654 0.616765 31.839784 0.635931 32.393446 0.656401 32.942102 0.676896 33.499578 0.698495 34.051277 0.720665
CENTER 83 32 0.391624 0.005195 0.780215 0.020647 1.172885 0.046977 1.562871 0.084037 1.951011 0.131882 2.343453 0.191393 2.743650 0.263441 3.142420 0.346362 3.539271 0.439901 3.933133 0.543659 4.323629 0.657354 4.711902 0.781129 5.093414 0.913659 5.470642 1.055161 5.851005 1.208354 6.234376 1.373240 6.620729 1.549816 7.008822 1.737604 7.396573 1.935722 7.788302 2.145946 8.186950 2.369716 8.578776 2.599170 8.966736 2.836251 9.350654 3.080386 9.731503 3.331616 10.112065 3.591253 10.493304 3.860124 10.866684 4.131088 11.238491 4.407829 11.614821 4.694940 11.989597 4.987197 12.363695 5.285174 12.739661 5.590611 13.117156 5.902904 13.491758 6.216644 13.863721 6.532977 14.240467 6.857534 14.621097 7.189446 15.006019 7.528675 15.393519 7.873576 15.781923 8.222524 16.170302 8.574538 16.558798 8.929408 16.952637 9.293085 17.345709 9.657696 17.738467 10.023299 18.130943 10.389641 18.523129 10.756456 18.909875 11.120090 19.300772 11.489538 19.698495 11.865202 20.105284 12.247652 20.527265 12.644303 20.948449 13.042140 21.381556 13.452422 21.822091 13.873304 22.254604 14.289132 22.685545 14.703577 23.125797 15.128982 23.559821 15.550228 23.996859 15.975236 24.430426 16.398928 24.861065 16.821574 25.285107 17.238365
CENTER 90 47 0.432335 0.000523 0.865992 0.002105 1.300689 0.004791 1.735944 0.008611 2.167067 0.013494 2.599566 0.019603 3.033406 0.026985 3.464610 0.035710 3.898841 0.045868 4.335021 0.057504 4.772221 0.070655 5.210405 0.085375 5.648683 0.101704 6.086251 0.119682 6.523243 0.139346 6.963814 0.160815 7.403277 0.184032 7.841614 0.209041 8.278873 0.235888 8.718974 0.264621 9.156290 0.295260 9.591152 0.327847 10.027421 0.362796 10.460556 0.399693 10.891477 0.438555 11.321117 0.479399 11.749408 0.522217 12.168538 0.566559 12.589220 0.613180 13.011308 0.662070 13.434803 0.713250 13.859717 0.766730 14.284836 0.822378 14.709000 0.880078 15.132331 0.939834 15.554803 1.001657 15.976357 1.065558 16.396913 1.131552 16.816390 1.199651 17.239025 1.270329 17.658608 1.342796 18.075137 1.417059 18.488459 1.493095 18.898491 1.570891 19.309830 1.651898 19.719129 1.734736 20.126306 1.819402 20.531365 1.905900 20.934262 1.994217 21.335147 2.084441 21.734188 2.176637 22.134932 2.271219 22.533250 2.367687 22.929206 2.466035 23.322843 2.566294 23.714157 2.668465 24.099695 2.771231 24.479884 2.875341 24.858956 2.981678 25.236790 3.090204 25.613366 3.200933 25.988453 3.313809 26.361552 3.428703 26.732478 3.545618
CENTER 91 15 0.386462 0.003000 0.775997 0.011530 1.166137 0.025691 1.554413 0.045569 1.939594 0.071197 2.320467 0.102604 2.697142 0.139846 3.069725 0.182944 3.437771 0.231819 3.801263 0.286334 4.160203 0.346258 4.514231 0.411254 4.874444 0.482712 5.225007 0.557618 5.575003 0.637405 5.914208 0.719771 6.242744 0.804437 6.562733 0.891544 6.876441 0.981262 7.184351 1.073434 7.487050 1.167880 7.784482 1.264238 8.076577 1.362102 8.363592 1.461168 8.645645 1.561108 8.922695 1.661550 9.194803 1.762182 9.462305 1.862812 9.725274 1.963224 9.975329 2.059627 10.222203 2.156006 10.465861 2.252245 10.706296 2.348275 10.943488 2.443986 11.176931 2.538977 11.406215 2.632820 11.631525 2.725368 11.852861 2.816417 12.070179 2.905765 12.283452 2.993341 12.492785 3.079253 12.698162 3.163623 12.899469 3.246528 13.096734 3.328115 13.289981 3.408402 13.479104 3.487227 13.664039 3.564414 13.844890 3.639856 14.021714 3.713428 14.194474 3.785049 14.363036 3.854717 14.527397 3.922537 14.683421 3.987487 14.841303 4.052384 14.995639 4.115871 15.142291 4.176800 15.286666 4.236548 15.427675 4.294741 15.564653 4.351186 15.697730 4.405891 15.826048 4.458623 15.948826 4.509208 16.065972 4.557623 16.177337 4.603824
CENTER 93 21 0.351657 0.000076 0.706747 0.000322 1.065258 0.000809 1.417925 0.001581 1.777015 0.002919 2.142305 0.004936 2.514430 0.007808 2.892918 0.011515 3.267434 0.015887 3.646774 0.021366 4.030793 0.028154 4.419204 0.036516 4.820575 0.047180 5.231784 0.059870 5.647634 0.075256 6.050350 0.092820 6.449921 0.113347 6.855090 0.137950 7.258777 0.165969 7.670622 0.197960 8.078423 0.233633 8.472757 0.272924 8.863649 0.316605 9.251345 0.365030 9.637264 0.418537 10.014763 0.475783 10.393960 0.539431 10.773690 0.609509 11.153326 0.686868 11.531303 0.770190 11.906152 0.859223 12.276098 0.953707 12.641372 1.053886 13.002966 1.160298 13.361717 1.273470 13.717506 1.393566 14.070118 1.520681 14.411427 1.651290 14.752291 1.790809 15.092294 1.939138 15.431059 2.096184 15.761909 2.257799 16.105943 2.437283 16.439039 2.619529 16.779015 2.815448 17.115309 3.021567 17.445428 3.234479 17.775477 3.459715 18.097018 3.689688 18.410601 3.924490 18.718049 4.165381 19.019225 4.412488 19.313941 4.665423 19.593348 4.918678 19.872740 5.183075 20.142286 5.451130 20.397580 5.715990 20.640030 5.981333 20.870916 6.251235 21.098628 6.533376 21.323867 6.828293 21.545233 7.133874 21.760542 7.446659 21.968097 7.764382
CENTER 94 16 0.468510 0.002850 0.955156 0.011455 1.445166 0.025553 1.938827 0.044932 2.435973 0.069319 2.922041 0.097842 3.419310 0.131228 3.928273 0.169256 4.448404 0.211710 4.966246 0.256963 5.493198 0.305978 6.025952 0.358274 6.564178 0.413541 7.122292 0.473747 7.678333 0.535322 8.231484 0.597919 8.781753 0.661346 9.329583 0.725521 9.862391 0.789730 10.405786 0.856115 10.959829 0.924697 11.524549 0.995569 12.099616 1.068734 12.681384 1.143922 13.266735 1.220901 13.855525 1.299694 14.463506 1.383092 15.084665 1.469008 15.700230 1.555792 16.310474 1.643463 16.932247 1.733977 17.549406 1.825582 18.166603 1.918806 18.784743 2.013515 19.403811 2.109532 20.009124 2.203464 20.619837 2.298940 21.235257 2.395870 21.839002 2.490709 22.449948 2.587481 23.066184 2.685926 23.686961 2.785940 24.312102 2.887551 24.939542 2.990388 25.568738 3.094330 26.200159 3.199483 26.833005 3.305728 27.449600 3.410765 28.075617 3.517874 28.710018 3.626931 29.352442 3.737929 30.003451 3.851018 30.658787 3.965645 31.314270 4.081248 31.970508 4.197921 32.645203 4.320004 33.313272 4.441609 33.975369 4.562773 34.650299 4.686229 35.317049 4.808844 35.979532 4.931485 36.641652 5.055029 37.303528 5.179439 37.966217 5.304817
CENTER 96 41 0.349444 -0.000014 0.695318 -0.000069 1.048788 -0.000156 1.398565 -0.000260 1.750822 -0.000378 2.104584 -0.000506 2.458822 -0.000651 2.817740 -0.000798 3.177053 -0.000948 3.535668 -0.001107 3.895026 -0.001311 4.255507 -0.001568 4.625468 -0.001864 4.990549 -0.002185 5.361629 -0.002503 5.732581 -0.002773 6.099670 -0.002967 6.468839 -0.003050 6.840471 -0.002993 7.214591 -0.002759 7.596401 -0.002354 7.979918 -0.001681 8.365018 -0.000683 8.751772 0.000693 9.140289 0.002494 9.531429 0.004766 9.925922 0.007556 10.323874 0.010918 10.720720 0.014896 11.123182 0.019572 11.531500 0.025020 11.945669 0.031302 12.362057 0.038480 12.792536 0.046740 13.222698 0.056002 13.656773 0.066342 14.099535 0.077898 14.549916 0.090603 15.001487 0.104483 15.454705 0.119584 15.909020 0.135922 16.364555 0.153531 16.822510 0.172454 17.283742 0.192714 17.743185 0.214256 18.201636 0.237072 18.664305 0.261265 19.131062 0.286820 19.597122 0.313253 20.068575 0.341267 20.544605 0.370842 21.024996 0.401982 21.509857 0.434693 21.998044 0.468845 22.488477 0.504328 22.974971 0.540813 23.460747 0.578473 23.957618 0.618250 24.458763 0.659420 24.963987 0.701977 25.471818 0.745828 25.979645 0.790799 26.492807 0.837376 27.006393 0.885218
CENTER 97 14 0.429006 0.004438 0.846075 0.017647 1.266765 0.039810 1.690942 0.070835 2.118128 0.110539 2.547948 0.158713 2.979182 0.215096 3.410725 0.279439 3.842101 0.351517 4.286424 0.433465 4.729221 0.522943 5.170368 0.619716 5.609702 0.723357 6.047592 0.833522 6.485835 0.950093 6.912536 1.068239 7.341759 1.192070 7.773826 1.321123 8.209065 1.454972 8.647217 1.593008 9.087473 1.734367 9.529778 1.878406 9.974059 2.024570 10.420253 2.172335 10.868822 2.321405 11.320363 2.471616 11.775432 2.622956 12.234869 2.775651 12.699273 2.929988 13.168482 3.086064 13.642286 3.243932 14.120597 3.403607 14.587055 3.560148 15.063747 3.719484 15.550082 3.881446 16.045945 4.045990 16.551025 4.213067 17.045205 4.378101 17.550514 4.545537 18.088550 4.720664 18.650893 4.905976 19.215796 5.092497 19.779426 5.279582 20.353995 5.472921 20.917368 5.663319 21.453820 5.843761 21.988804 6.023862 22.521657 6.203179 23.055837 6.383008 23.594534 6.564628 24.135507 6.747241 24.677364 6.930296 25.200593 7.109457 25.732790 7.290237 26.273628 7.472755 26.839850 7.662538 27.412575 7.854241 27.987767 8.047227 28.579967 8.248183 29.163221 8.447035 29.739202 8.644044 30.308826 8.839255 30.871811 9.032292 31.416245 9.217173
CENTER 98 14 0.489497 -0.001099 0.975296 -0.004188 1.462555 -0.008494 1.969766 -0.013197 2.475978 -0.017310 2.980564 -0.019745 3.483763 -0.019686 3.953088 -0.015303 4.425484 -0.007426 4.901250 0.004037 5.380370 0.019081 5.861983 0.037682 6.343685 0.059914 6.823929 0.085933 7.302278 0.115784 7.763026 0.148944 8.228270 0.186443 8.697125 0.228233 9.170077 0.274389 9.663166 0.325071 10.149771 0.379813 10.627211 0.438579 11.096117 0.501446 11.556099 0.568277 12.011353 0.638959 12.465788 0.713333 12.918956 0.791035 13.370912 0.871662 13.821407 0.954785 14.270171 1.040029 14.717492 1.127164 15.163444 1.216002 15.593802 1.303227 16.029015 1.393437 16.482886 1.489810 16.939635 1.588742 17.399412 1.690407 17.859114 1.794146 18.302428 1.896828 18.746542 2.002082 19.192275 2.110134 19.639554 2.220955 20.102632 2.337142 20.559712 2.454445 21.009900 2.572702 21.453148 2.691956 21.889220 2.812205 22.321478 2.934123 22.752620 3.058221 23.182390 3.184427 23.610587 3.312656 24.037322 3.442906 24.462459 3.575089 24.885908 3.709100 25.307770 3.844855 25.728104 3.982353 26.146936 4.121478 26.577575 4.265182 27.004975 4.409780 27.428853 4.554970 27.849158 4.700428 28.266375 4.846094 28.681652 4.992057 29.096208 5.138261
CENTER 99 25 0.520527 0.000450 1.036631 0.002140 1.550287 0.005161 2.071685 0.009994 2.592866 0.016428 3.113251 0.024514 3.625155 0.033504 4.127976 0.044307 4.635917 0.056719 5.149333 0.070723 5.687207 0.085865 6.222579 0.102531 6.752739 0.120694 7.275784 0.140404 7.791758 0.161646 8.294804 0.184223 8.799829 0.208211 9.306401 0.233605 9.833380 0.261297 10.359716 0.290474 10.866684 0.319675 11.368138 0.351203 11.874855 0.384947 12.388043 0.420964 12.908331 0.459184 13.432456 0.499220 13.957676 0.540752 14.493275 0.584454 15.028671 0.629470 15.564259 0.675802 16.099920 0.723432 16.626011 0.771406 17.157436 0.821009 17.707141 0.873523 18.271061 0.929210 18.835132 0.986082 19.385108 1.041995 19.941684 1.099198 20.482695 1.155624 21.024782 1.212587 21.569784 1.270289 22.116583 1.328527 22.657439 1.386372 23.205028 1.445128 23.756666 1.504758 24.310596 1.564788 24.855644 1.624095 25.405116 1.683700 25.965348 1.744316 26.539012 1.806735 27.103021 1.867988 27.665172 1.928972 28.213869 1.987680 28.763683 2.046518 29.317137 2.105723 29.895592 2.167946 30.480399 2.230292 31.058170 2.291512 31.627860 2.351376 32.190043 2.409942 32.759782 2.468689 33.317190 2.526005 33.878651 2.583186 34.445738 2.639885
CENTER 102 21 0.445441 0.004629 0.892644 0.018700 1.352857 0.042569 1.814512 0.075480 2.275688 0.117105 2.726710 0.166156 3.167834 0.221468 3.616124 0.285120 4.062903 0.355896 4.521974 0.435614 5.002308 0.526868 5.486379 0.625291 5.971808 0.730123 6.456438 0.840556 6.949323 0.958561 7.441298 1.081610 7.954802 1.214854 8.453663 1.349333 8.943971 1.484554 9.437693 1.624436 9.925621 1.765835 10.421148 1.912301 10.934711 2.067438 11.447444 2.224584 11.958813 2.383171 12.467950 2.542596 12.985594 2.705365 13.501829 2.869168 14.019384 3.034900 14.538484 3.202573 15.059285 3.372199 15.582713 3.543972 16.109225 3.717925 16.626604 3.890441 17.140895 4.061627 17.664122 4.236248 18.184779 4.411257 18.743789 4.599104 19.294208 4.786075 19.863047 4.979503 20.446653 5.179856 21.014606 5.375682 21.594713 5.577687 22.182758 5.782996 22.750988 5.982322 23.328498 6.185927 23.902056 6.389421 24.461453 6.588497 25.023284 6.789212 25.574996 6.986047 26.130523 7.184692 26.689983 7.385268 27.251994 7.587370 27.815923 7.790845 28.369407 7.992142 28.927779 8.195100 29.491113 8.399914 30.059089 8.606637 30.642754 8.819851 31.210648 9.028469 31.779219 9.237796 32.348749 9.447991 32.919401 9.659068 33.493394 9.871824
CENTER 104 29 0.407350 0.004911 0.810643 0.020193 1.215719 0.046051 1.620489 0.082414 2.018417 0.128791 2.404210 0.184319 2.774081 0.247743 3.140202 0.321192 3.509846 0.405922 3.882669 0.502086 4.257808 0.609680 4.632825 0.728268 5.005543 0.857333 5.375533 0.996758 5.742501 1.146430 6.111642 1.308713 6.474994 1.479676 6.832545 1.659132 7.184302 1.846837 7.524658 2.039909 7.857664 2.239440 8.192049 2.450354 8.527760 2.672512 8.864908 2.905890 9.202254 3.149674 9.537569 3.402337 9.875307 3.667238 10.215550 3.943520 10.556828 4.230463 10.896850 4.526627 11.229767 4.826109 11.556064 5.128751 11.876354 5.434409 12.192601 5.744239 12.507189 6.060130 12.816969 6.377351 13.121835 6.696700 13.427658 7.023774 13.734202 7.358399 14.042924 7.701575 14.353719 8.053005 14.666351 8.412230 14.980678 8.778956 15.291072 9.146203 15.604573 9.522274 15.925876 9.913430 16.247839 10.309857 16.570967 10.711404 16.892920 11.114734 17.212753 11.518163 17.531844 11.923127 17.851341 12.330884 18.171807 12.742015 18.493695 13.157120 18.810855 13.570695 19.126877 13.984184 19.463424 14.420362 19.805238 14.864626 20.152416 15.317191 20.503203 15.776651 20.854789 16.240326 21.207065 16.707933 21.560838 17.180320 21.920534 17.664307
CENTER 105 19 0.367588 0.003672 0.734697 0.014694 1.101383 0.033252 1.458373 0.058827 1.827512 0.093815 2.187726 0.136008 2.552356 0.187530 2.921147 0.248608 3.292171 0.319319 3.673866 0.402229 4.053717 0.494659 4.430042 0.596458 4.802941 0.707795 5.172178 0.828738 5.538245 0.959552 5.901588 1.100553 6.261849 1.251764 6.618649 1.413179 6.963909 1.580452 7.308731 1.760229 7.652615 1.952458 7.995099 2.157252 8.343481 2.378269 8.675371 2.604078 9.007687 2.843346 9.328412 3.089374 9.637437 3.342011 9.936123 3.601902 10.216962 3.863584 10.490284 4.134069 10.757283 4.413964 11.017640 4.702903 11.271358 5.000692 11.517801 5.306526 11.756481 5.619740 11.987686 5.940324 12.211513 6.268045 12.433763 6.609377 12.651829 6.962327 12.860018 7.317571 13.058655 7.674884 13.248138 8.034042 13.430164 8.396744 13.606618 8.765100 13.778039 9.139202 13.944804 9.518776 14.107400 9.903677 14.266405 10.293880 14.422338 10.689215 14.575673 11.089545 14.726856 11.494753 14.876215 11.904561 15.024179 12.319013 15.171078 12.737994 15.317234 13.161272 15.463082 13.589036 15.609078 14.021643 15.753519 14.449322 15.898989 14.882892 16.045782 15.322433 16.194037 15.767785 16.343928 16.218785 16.495484 16.674679 16.648645 17.134879
CENTER 109 19 0.429283 0.000555 0.855820 0.002286 1.279462 0.005333 1.690274 0.009652 2.101599 0.015751 2.524767 0.024272 2.946872 0.034924 3.367683 0.047865 3.784876 0.063116 4.196475 0.080674 4.602914 0.100614 5.004306 0.122959 5.410207 0.148036 5.798428 0.174699 6.169927 0.202982 6.538585 0.234087 6.895290 0.267127 7.254366 0.303239 7.615819 0.342194 7.975943 0.383384 8.333119 0.426386 8.685785 0.470806 9.032296 0.516278 9.389523 0.564542 9.724622 0.611476 10.048457 0.658102 10.369677 0.705246 10.676016 0.751151 10.971014 0.796163 11.257420 0.840611 11.534571 0.884342 11.810365 0.928330 12.079622 0.971916 12.342187 1.015009 12.597799 1.057470 12.846106 1.099183 13.092325 1.141041 13.331102 1.181972 13.562056 1.221807 13.785007 1.260384 13.999866 1.297515 14.200728 1.332144 14.394441 1.365354 14.580955 1.397162 14.760426 1.427628 14.928162 1.455883 15.089467 1.483035 15.244117 1.509061 15.389477 1.533592 15.529791 1.557222 15.664850 1.579953 15.794585 1.601764 15.919269 1.622685 16.038411 1.642672 16.151442 1.661651 16.258401 1.679610 16.359313 1.696560 16.454153 1.712526 16.545777 1.727997 16.630093 1.742284 16.708511 1.755570 16.779306 1.767587 16.842416 1.778281 16.898421 1.787723
