# cluster_centers_xy_v1
# category=right
# ego-local xy: x=forward, y=left; plot right=-y
# columns: CENTER center_id count x0 y0 ... x63 y63
CENTER 12 19 0.635618 -0.000064 1.263734 -0.000285 1.884486 -0.000754 2.498008 -0.001557 3.107208 -0.002787 3.715510 -0.004571 4.323564 -0.007034 4.931263 -0.010303 5.538256 -0.014518 6.144464 -0.019816 6.750057 -0.026329 7.354951 -0.034192 7.958847 -0.043532 8.561722 -0.054459 9.163554 -0.067080 9.764321 -0.081493 10.364275 -0.097805 10.963426 -0.116096 11.561507 -0.136426 12.144225 -0.158849 12.727616 -0.183463 13.311171 -0.210300 13.894861 -0.239399 14.478928 -0.270797 15.062384 -0.304495 15.644464 -0.340496 16.225395 -0.378804 16.805151 -0.419421 17.370167 -0.460918 17.955736 -0.507138 18.543695 -0.556053 19.134253 -0.607648 19.727409 -0.661853 20.320282 -0.718248 20.911146 -0.776560 21.500650 -0.836792 22.088537 -0.898807 22.675041 -0.962506 23.260160 -1.027759 23.843901 -1.094432 24.426533 -1.162400 25.008076 -1.231559 25.575233 -1.300113 26.146362 -1.370328 26.721243 -1.442067 27.299883 -1.515218 27.882300 -1.589621 28.479263 -1.666163 29.052933 -1.740370 29.621682 -1.814107 30.185281 -1.887143 30.743713 -1.959302 31.299842 -2.030774 31.855386 -2.101630 32.409422 -2.171663 32.962169 -2.240853 33.513846 -2.309192 34.064442 -2.376662 34.626230 -2.444506 35.185061 -2.511312 35.741064 -2.577075 36.306966 -2.643426 36.864280 -2.707938 37.414198 -2.770763
CENTER 13 26 0.159143 -0.000071 0.323173 -0.000249 0.491930 -0.000543 0.665180 -0.000950 0.842619 -0.001473 1.024032 -0.002116 1.209248 -0.002868 1.400402 -0.003731 1.594110 -0.004724 1.790251 -0.005854 1.985530 -0.007130 2.183402 -0.008561 2.384267 -0.010144 2.588504 -0.011871 2.800267 -0.013740 3.014713 -0.015743 3.231738 -0.017881 3.451290 -0.020146 3.676317 -0.022542 3.902848 -0.025041 4.131062 -0.027627 4.360821 -0.030283 4.592076 -0.032992 4.825397 -0.035751 5.061213 -0.038560 5.299202 -0.041420 5.539117 -0.044329 5.780700 -0.047290 6.023641 -0.050316 6.267652 -0.053411 6.512486 -0.056560 6.757896 -0.059744 7.003648 -0.062935 7.249416 -0.066086 7.494797 -0.069151 7.739473 -0.072108 7.983173 -0.074951 8.225550 -0.077686 8.466338 -0.080334 8.705362 -0.082928 8.934839 -0.085442 9.163767 -0.087937 9.391758 -0.090395 9.622202 -0.092770 9.850851 -0.095054 10.076544 -0.097213 10.298198 -0.099231 10.515688 -0.101116 10.728984 -0.102885 10.937978 -0.104553 11.142397 -0.106133 11.342048 -0.107624 11.536739 -0.109024 11.726409 -0.110325 11.911027 -0.111514 12.090554 -0.112586 12.265010 -0.113558 12.434435 -0.114453 12.598879 -0.115289 12.758510 -0.116095 12.911746 -0.116911 13.061303 -0.117716 13.207431 -0.118488 13.350350 -0.119201
CENTER 14 7 0.326825 -0.005140 0.646836 -0.022009 0.960092 -0.050214 1.271257 -0.089558 1.584215 -0.139939 1.898186 -0.201107 2.213077 -0.272990 2.529134 -0.355621 2.845867 -0.448868 3.163254 -0.552519 3.481416 -0.666161 3.800571 -0.789365 4.120939 -0.921712 4.442750 -1.062697 4.765880 -1.211680 5.090853 -1.368469 5.440228 -1.542192 5.787779 -1.722403 6.134153 -1.909081 6.479573 -2.102118 6.823636 -2.300971 7.168229 -2.506099 7.514961 -2.717866 7.844039 -2.920819 8.178062 -3.131073 8.516958 -3.348088 8.860779 -3.571543 9.209877 -3.801349 9.562814 -4.035799 9.918566 -4.273435 10.278443 -4.514640 10.642799 -4.759245 11.011245 -5.006680 11.384302 -5.257131 11.762852 -5.511140 12.146548 -5.768694 12.535302 -6.029891 12.929019 -6.294638 13.299081 -6.548005 13.686514 -6.810925 14.090243 -7.083500 14.509363 -7.365699 14.943799 -7.658367 15.386513 -7.958397 15.830859 -8.262236 16.300851 -8.591673 16.792018 -8.932109 17.270522 -9.265828 17.736740 -9.591999 18.190999 -9.909881 18.639555 -10.224284 19.089702 -10.540790 19.541960 -10.859520 19.971457 -11.157099 20.407582 -11.459609 20.849799 -11.767029 21.298332 -12.079634 21.753561 -12.397560 22.213820 -12.719268 22.677696 -13.043647 23.145222 -13.370690 23.615723 -13.699815 24.089380 -14.031296 24.565862 -14.365007
CENTER 17 30 0.386754 -0.000633 0.772239 -0.002486 1.158843 -0.005515 1.542257 -0.009648 1.929269 -0.014848 2.319959 -0.020987 2.714465 -0.027965 3.106723 -0.035774 3.507470 -0.044376 3.908436 -0.053798 4.309814 -0.064085 4.718088 -0.075171 5.125482 -0.086989 5.532681 -0.099443 5.940824 -0.112405 6.349733 -0.125769 6.759602 -0.139541 7.170831 -0.153816 7.577127 -0.168194 7.987167 -0.183591 8.400742 -0.200231 8.811173 -0.218357 9.232172 -0.238440 9.654642 -0.260111 10.083695 -0.284010 10.512153 -0.309646 10.945567 -0.338441 11.362788 -0.368403 11.787437 -0.400566 12.211613 -0.434837 12.635361 -0.471509 13.059786 -0.511164 13.477636 -0.552784 13.894026 -0.597957 14.315253 -0.647054 14.720009 -0.698410 15.118812 -0.753739 15.518744 -0.814049 15.919446 -0.879343 16.322075 -0.949729 16.725968 -1.024851 17.133875 -1.106174 17.532641 -1.190739 17.936694 -1.280149 18.338291 -1.373326 18.743383 -1.471618 19.143986 -1.573045 19.539376 -1.677579 19.929265 -1.785055 20.314717 -1.895444 20.696753 -2.008916 21.079549 -2.125786 21.460778 -2.246032 21.840722 -2.369556 22.219469 -2.496277 22.603200 -2.627371 22.980292 -2.759420 23.357439 -2.896990 23.729682 -3.036209 24.096823 -3.176996 24.459987 -3.319511 24.814641 -3.461430 25.169138 -3.606183 25.516345 -3.751849
CENTER 18 11 0.299182 -0.001961 0.591853 -0.007969 0.878204 -0.018210 1.158397 -0.032845 1.432566 -0.051987 1.700823 -0.075747 1.963308 -0.104230 2.220155 -0.137564 2.471524 -0.175874 2.708433 -0.217231 2.944205 -0.264800 3.178819 -0.318678 3.412381 -0.379004 3.644965 -0.445940 3.874633 -0.518996 4.099582 -0.597720 4.320035 -0.682267 4.536045 -0.772778 4.747672 -0.869300 4.954885 -0.971836 5.166402 -1.083660 5.369535 -1.199735 5.564292 -1.319991 5.750410 -1.444299 5.927561 -1.572472 6.097280 -1.705231 6.266851 -1.849400 6.429178 -1.997890 6.584311 -2.150608 6.732279 -2.307358 6.873186 -2.467882 7.007565 -2.632439 7.135787 -2.801213 7.257662 -2.973954 7.373108 -3.150558 7.482104 -3.330981 7.584606 -3.515068 7.675623 -3.695861 7.760708 -3.880984 7.839687 -4.070167 7.912514 -4.263521 7.979197 -4.461127 8.039453 -4.662367 8.091349 -4.857999 8.137593 -5.061664 8.178315 -5.273184 8.213633 -5.492446 8.243738 -5.719797 8.268569 -5.953118 8.288134 -6.190373 8.302741 -6.431813 8.312562 -6.677402 8.317647 -6.927261 8.318046 -7.181455 8.314376 -7.448726 8.305928 -7.726444 8.293057 -8.002233 8.276143 -8.276309 8.255689 -8.548488 8.232252 -8.820946 8.206315 -9.096792 8.178313 -9.376616 8.148749 -9.660168 8.118100 -9.947358
CENTER 19 60 0.420630 -0.001029 0.844926 -0.004172 1.269629 -0.009564 1.698674 -0.017382 2.132079 -0.027609 2.569177 -0.040330 3.012087 -0.055906 3.457367 -0.074192 3.904547 -0.095334 4.350409 -0.118950 4.801149 -0.145638 5.249062 -0.175283 5.694474 -0.207858 6.142536 -0.243779 6.592963 -0.283016 7.046282 -0.325535 7.499607 -0.370964 7.960197 -0.420012 8.422932 -0.472101 8.887968 -0.527199 9.355226 -0.585285 9.824134 -0.646279 10.294376 -0.710100 10.765754 -0.776562 11.238751 -0.845777 11.713410 -0.917624 12.189277 -0.991897 12.670354 -1.068897 13.147793 -1.147193 13.626894 -1.227670 14.108479 -1.310190 14.596329 -1.395673 15.089618 -1.483231 15.576667 -1.571194 16.064636 -1.660463 16.556578 -1.751454 17.051782 -1.844011 17.546901 -1.937477 18.041480 -2.031716 18.534155 -2.126181 19.021884 -2.220238 19.509999 -2.315042 19.998236 -2.410531 20.486432 -2.506638 20.974917 -2.603389 21.463653 -2.700749 21.956108 -2.799211 22.448099 -2.898066 22.935703 -2.996520 23.420653 -3.095082 23.907849 -3.194439 24.397270 -3.294527 24.896686 -3.396937 25.394210 -3.499087 25.892263 -3.601250 26.382010 -3.701882 26.871230 -3.802543 27.356125 -3.902614 27.835538 -4.002121 28.308973 -4.100471 28.786891 -4.199721 29.261050 -4.298288 29.744260 -4.398677 30.226018 -4.498789
CENTER 22 13 0.361411 -0.005474 0.720466 -0.022490 1.076772 -0.051305 1.430883 -0.092143 1.783100 -0.145263 2.132788 -0.210769 2.479364 -0.288585 2.822462 -0.378575 3.161904 -0.480695 3.497322 -0.594787 3.828359 -0.720736 4.143503 -0.854512 4.455445 -1.000622 4.763532 -1.158895 5.067388 -1.329163 5.366933 -1.511341 5.661449 -1.705076 5.950289 -1.909933 6.233635 -2.125914 6.511817 -2.353274 6.784739 -2.592049 7.051977 -2.841971 7.313437 -3.103044 7.559351 -3.365279 7.803359 -3.642347 8.045239 -3.933990 8.285106 -4.240205 8.534158 -4.574337 8.777711 -4.919440 9.014128 -5.273048 9.243513 -5.634766 9.465998 -6.004184 9.682451 -6.381808 9.893509 -6.767929 10.099337 -7.162161 10.300423 -7.564419 10.502005 -7.987135 10.697128 -8.411463 10.886514 -8.837557 11.070674 -9.265185 11.245063 -9.677497 11.417044 -10.095603 11.587710 -10.521579 11.757209 -10.954935 11.917079 -11.380647 12.080603 -11.818452 12.247524 -12.267327 12.418046 -12.727583 12.592151 -13.198993 12.767765 -13.678305 12.943103 -14.162493 13.118365 -14.651411 13.293592 -15.144896 13.468819 -15.642769 13.644004 -16.144655 13.819137 -16.650554 14.003589 -17.177195 14.188493 -17.723172 14.370411 -18.263923 14.549696 -18.799665 14.726664 -19.330249 14.902345 -19.856797 15.078019 -20.384272 15.254071 -20.916012
CENTER 25 26 0.448426 -0.003338 0.906874 -0.013349 1.365944 -0.030038 1.825646 -0.053532 2.278786 -0.083107 2.735076 -0.120054 3.195068 -0.164531 3.658730 -0.216625 4.140953 -0.279873 4.628876 -0.350707 5.109802 -0.427825 5.583762 -0.511117 6.042783 -0.597702 6.498285 -0.691048 6.953690 -0.791908 7.410451 -0.900499 7.868667 -1.016895 8.319336 -1.138514 8.773670 -1.268194 9.231869 -1.405880 9.693966 -1.551444 10.160201 -1.704875 10.628964 -1.865630 11.090627 -2.030735 11.553858 -2.202395 12.010274 -2.377273 12.471394 -2.559270 12.937049 -2.748288 13.406789 -2.944194 13.887857 -3.150972 14.367310 -3.362307 14.843453 -3.577378 15.324653 -3.799243 15.801450 -4.023920 16.275652 -4.252028 16.748778 -4.484106 17.220686 -4.719852 17.700926 -4.962904 18.179861 -5.209584 18.664980 -5.464157 19.145809 -5.720536 19.614174 -5.974092 20.080147 -6.229954 20.543867 -6.488137 21.006642 -6.749482 21.469910 -7.014929 21.932743 -7.283957 22.394535 -7.556175 22.855508 -7.831642 23.315610 -8.110290 23.765233 -8.388049 24.217774 -8.670263 24.673051 -8.957082 25.131023 -9.248722 25.593400 -9.545181 26.053670 -9.844795 26.510024 -10.146743 26.962661 -10.451007 27.411574 -10.757484 27.858100 -11.066753 28.303508 -11.379458 28.747670 -11.695602 29.190494 -12.015187 29.631901 -12.338231
CENTER 26 30 0.448940 -0.000093 0.900244 -0.000314 1.361650 -0.000650 1.822213 -0.001278 2.289590 -0.001922 2.757668 -0.002747 3.215634 -0.003638 3.671584 -0.004488 4.112780 -0.005250 4.548809 -0.005896 4.981557 -0.006381 5.418437 -0.006669 5.852025 -0.006823 6.282715 -0.006823 6.709470 -0.006810 7.131556 -0.006608 7.549750 -0.006199 7.971395 -0.005356 8.388449 -0.004276 8.794782 -0.003227 9.205948 -0.001613 9.606862 -0.000046 10.000662 0.001858 10.395126 0.004063 10.783604 0.006496 11.178272 0.009127 11.571619 0.011909 11.962171 0.014807 12.349024 0.017860 12.731833 0.021116 13.111474 0.024594 13.489113 0.028284 13.864789 0.032126 14.233303 0.035601 14.602166 0.039728 14.985425 0.043263 15.363542 0.045694 15.749357 0.047749 16.122890 0.048280 16.494997 0.047523 16.870893 0.045661 17.242199 0.041786 17.608883 0.035694 17.965727 0.027947 18.319734 0.017191 18.672152 0.003284 19.024053 -0.013965 19.375327 -0.034864 19.724777 -0.059512 20.065699 -0.088046 20.405721 -0.120646 20.750961 -0.156007 21.091692 -0.196070 21.427972 -0.241312 21.761841 -0.293037 22.083612 -0.350012 22.398341 -0.411719 22.704072 -0.476997 23.005992 -0.547805 23.307892 -0.625757 23.607643 -0.709408 23.905118 -0.800534 24.194923 -0.897293 24.476375 -0.999513
CENTER 27 46 0.490718 -0.002121 0.986707 -0.008666 1.482255 -0.019489 1.977408 -0.034638 2.468242 -0.053939 2.961499 -0.077771 3.462169 -0.106794 3.964289 -0.140619 4.467830 -0.179299 4.971652 -0.222733 5.474870 -0.270747 5.978634 -0.323383 6.483990 -0.380677 6.986175 -0.441651 7.491927 -0.507432 8.001252 -0.577921 8.513590 -0.652691 9.024387 -0.731448 9.538404 -0.814677 10.054615 -0.902232 10.573188 -0.994221 11.089045 -1.089677 11.612011 -1.190938 12.134930 -1.296152 12.657893 -1.405229 13.185488 -1.519034 13.710673 -1.635938 14.234290 -1.756105 14.762684 -1.880644 15.289682 -2.008608 15.811156 -2.138770 16.335546 -2.273268 16.862710 -2.411988 17.393116 -2.554934 17.922009 -2.700583 18.454090 -2.850201 18.993882 -3.004976 19.535182 -3.163376 20.078138 -3.325506 20.622389 -3.491294 21.167668 -3.660642 21.708826 -3.832627 22.254341 -4.008672 22.803920 -4.188654 23.357445 -4.372510 23.915000 -4.560279 24.475336 -4.751760 25.042711 -4.948514 25.603910 -5.146667 26.165383 -5.348125 26.726923 -5.552807 27.288563 -5.760655 27.851637 -5.972028 28.416846 -6.187105 28.983717 -6.405699 29.552507 -6.627868 30.128665 -6.856366 30.712016 -7.089092 31.300438 -7.327601 31.887432 -7.568145 32.472981 -7.810638 33.057421 -8.055178 33.641693 -8.301975 34.213940 -8.547933
CENTER 29 18 0.372389 0.000124 0.746118 0.000515 1.111693 0.001177 1.481393 0.002059 1.855099 0.003063 2.232832 0.004076 2.614175 0.004964 2.996757 0.005593 3.378582 0.005829 3.759782 0.005522 4.140319 0.004489 4.529125 0.002582 4.903655 -0.000216 5.289697 -0.004999 5.673847 -0.011583 6.056216 -0.020314 6.438875 -0.031531 6.821348 -0.045535 7.202011 -0.062690 7.589801 -0.084338 7.974791 -0.109764 8.357537 -0.138366 8.725280 -0.171608 9.091023 -0.210097 9.455445 -0.254195 9.818966 -0.304187 10.181588 -0.359994 10.542855 -0.421570 10.893682 -0.488217 11.243668 -0.561209 11.601694 -0.641914 11.954554 -0.728840 12.302145 -0.822228 12.643504 -0.922102 12.977862 -1.028488 13.307050 -1.141801 13.632550 -1.262364 13.953861 -1.390219 14.270616 -1.525541 14.582444 -1.668497 14.888976 -1.819217 15.189849 -1.977824 15.491602 -2.149829 15.786220 -2.329020 16.073507 -2.515507 16.353128 -2.709275 16.624743 -2.910272 16.888511 -3.118835 17.144439 -3.335176 17.392048 -3.559069 17.630975 -3.790229 17.854076 -4.023111 18.068974 -4.263954 18.275398 -4.512562 18.469012 -4.762432 18.655509 -5.022757 18.834273 -5.292828 19.004836 -5.572006 19.167230 -5.860083 19.320640 -6.155635 19.464237 -6.457452 19.597835 -6.765457 19.721281 -7.079624 19.838748 -7.406467
CENTER 33 16 0.373108 -0.001556 0.758233 -0.006464 1.144352 -0.014995 1.529048 -0.027545 1.921609 -0.044651 2.293815 -0.065891 2.661051 -0.091932 3.013423 -0.122025 3.365352 -0.157784 3.719076 -0.199477 4.076119 -0.247372 4.426061 -0.300687 4.777510 -0.360521 5.138460 -0.428141 5.494233 -0.501866 5.844717 -0.581870 6.188870 -0.668125 6.525891 -0.760596 6.857911 -0.859684 7.186638 -0.965734 7.511530 -1.078817 7.832228 -1.199099 8.148381 -1.326755 8.459600 -1.461927 8.765516 -1.604762 9.065821 -1.755402 9.360227 -1.913937 9.648453 -2.080420 9.938168 -2.260674 10.220122 -2.448002 10.494190 -2.642359 10.760070 -2.843604 11.017425 -3.051638 11.266484 -3.266853 11.499599 -3.483586 11.725095 -3.708671 11.937152 -3.935065 12.143072 -4.172240 12.342725 -4.420093 12.535473 -4.677925 12.720816 -4.945158 12.897840 -5.220376 13.065499 -5.502222 13.223625 -5.790630 13.371926 -6.085198 13.510266 -6.385879 13.643408 -6.699961 13.764692 -7.017015 13.874209 -7.337292 13.972086 -7.661083 14.058365 -7.988327 14.133949 -8.320381 14.199715 -8.658589 14.254748 -8.991238 14.300370 -9.334092 14.336804 -9.686807 14.364350 -10.049260 14.383480 -10.435415 14.394436 -10.826935 14.398213 -11.232946 14.394653 -11.637566 14.383710 -12.051531 14.366058 -12.463598 14.342367 -12.860733
CENTER 35 50 0.564995 -0.000870 1.130948 -0.003536 1.697750 -0.008153 2.260520 -0.014751 2.826132 -0.023525 3.403732 -0.034771 3.980448 -0.048247 4.556511 -0.063991 5.130710 -0.081994 5.701919 -0.102248 6.271749 -0.124833 6.841573 -0.149800 7.411123 -0.177158 7.981008 -0.206792 8.551463 -0.239129 9.129470 -0.273836 9.706571 -0.310959 10.282798 -0.350454 10.857495 -0.392207 11.429861 -0.436139 12.000779 -0.482209 12.571204 -0.530340 13.141211 -0.580480 13.710681 -0.632531 14.279520 -0.686382 14.852813 -0.742502 15.420202 -0.799568 15.987159 -0.858131 16.548693 -0.917847 17.105539 -0.978236 17.664689 -1.040010 18.225913 -1.103067 18.788793 -1.167283 19.352359 -1.232512 19.920256 -1.298963 20.486680 -1.366057 21.051775 -1.433688 21.615516 -1.501729 22.167488 -1.568913 22.726378 -1.637429 23.284849 -1.706197 23.837866 -1.774635 24.403596 -1.844699 24.971851 -1.915154 25.534245 -1.984749 26.093360 -2.054098 26.647898 -2.123022 27.198166 -2.191553 27.746520 -2.259961 28.288639 -2.327713 28.831508 -2.395546 29.380159 -2.464073 29.927394 -2.532399 30.473112 -2.600482 31.017331 -2.668626 31.553711 -2.735447 32.089625 -2.801886 32.625861 -2.868041 33.157628 -2.933422 33.689398 -2.998516 34.219794 -3.063206 34.749450 -3.127851 35.282069 -3.191889 35.812041 -3.255098
CENTER 37 29 0.190615 -0.000343 0.390497 -0.001463 0.600412 -0.003304 0.824591 -0.006057 1.057395 -0.009536 1.298072 -0.013633 1.550454 -0.018249 1.812826 -0.023286 2.077145 -0.027997 2.343736 -0.032788 2.619083 -0.037523 2.903238 -0.042151 3.197184 -0.046722 3.501073 -0.051249 3.809284 -0.055723 4.125127 -0.060284 4.453987 -0.064955 4.783996 -0.069750 5.127070 -0.074655 5.476209 -0.079577 5.831107 -0.084490 6.186271 -0.089357 6.549129 -0.094326 6.919617 -0.099455 7.298652 -0.104806 7.685632 -0.110425 8.078003 -0.116286 8.474470 -0.122372 8.880506 -0.128687 9.287311 -0.135223 9.695426 -0.142071 10.105475 -0.149339 10.516779 -0.157119 10.930195 -0.165512 11.346943 -0.174576 11.766848 -0.184293 12.196321 -0.194905 12.614107 -0.205667 13.038786 -0.216891 13.470145 -0.228632 13.907812 -0.240990 14.352516 -0.254143 14.808744 -0.269136 15.263926 -0.284855 15.711081 -0.300951 16.171619 -0.317602 16.635978 -0.334931 17.096045 -0.352936 17.553555 -0.371741 18.007535 -0.391252 18.458120 -0.411416 18.907626 -0.432200 19.349959 -0.453674 19.792533 -0.475566 20.228685 -0.497885 20.666139 -0.520424 21.105109 -0.543122 21.538769 -0.566611 21.976180 -0.589814 22.417055 -0.612687 22.868495 -0.636585 23.321971 -0.659846 23.775850 -0.682471 24.228784 -0.704470
CENTER 38 9 0.635492 -0.003079 1.270466 -0.012227 1.904798 -0.026999 2.538848 -0.046866 3.172331 -0.071235 3.806518 -0.099490 4.442714 -0.131175 5.080697 -0.166018 5.720201 -0.203664 6.329986 -0.241005 6.945211 -0.281045 7.565233 -0.323801 8.189898 -0.369413 8.819012 -0.418098 9.450220 -0.469787 10.081760 -0.524367 10.714028 -0.581879 11.346337 -0.642249 11.978666 -0.705410 12.611087 -0.771305 13.243063 -0.839798 13.874078 -0.910673 14.504235 -0.983769 15.133656 -1.058931 15.762420 -1.136030 16.359094 -1.212056 16.970025 -1.291842 17.594209 -1.375545 18.231086 -1.463291 18.880691 -1.555339 19.535596 -1.650879 20.188745 -1.748806 20.872052 -1.852571 21.550499 -1.957874 22.256116 -2.070012 22.944055 -2.179560 23.614767 -2.285929 24.270806 -2.388856 24.914540 -2.488225 25.552030 -2.585344 26.189504 -2.681722 26.795554 -2.770945 27.403825 -2.860365 28.012640 -2.950117 28.622109 -3.040568 29.232778 -3.132039 29.842472 -3.224132 30.449599 -3.316460 31.055105 -3.409118 31.658864 -3.501973 32.260037 -3.594783 32.859160 -3.687596 33.427495 -3.777093 34.006744 -3.867914 34.595923 -3.960107 35.195237 -4.053815 35.803912 -4.149099 36.414445 -4.245499 37.020446 -4.342839 37.622678 -4.441782 38.221337 -4.543006 38.844957 -4.652814 39.451058 -4.762300 40.067927 -4.875277
CENTER 43 23 0.369078 0.000029 0.735753 0.000117 1.100172 0.000287 1.462795 0.000561 1.824095 0.000962 2.183992 0.001517 2.542504 0.002246 2.907135 0.003222 3.270338 0.004389 3.632464 0.005750 3.993642 0.007283 4.353930 0.008978 4.713878 0.010832 5.073922 0.012839 5.434001 0.014992 5.794215 0.017291 6.154704 0.019753 6.522437 0.022413 6.887740 0.025242 7.250859 0.028247 7.611894 0.031445 7.963765 0.034735 8.318054 0.038214 8.676058 0.041870 9.037586 0.045671 9.402522 0.049545 9.769227 0.053403 10.136163 0.057162 10.503274 0.060744 10.870385 0.064067 11.230358 0.066961 11.590917 0.069431 11.951825 0.071364 12.312995 0.072627 12.674371 0.073061 13.035423 0.072486 13.395740 0.070698 13.755401 0.067473 14.121017 0.061921 14.484992 0.054574 14.847378 0.045162 15.208099 0.033447 15.567094 0.019193 15.924829 0.002087 16.288768 -0.018057 16.648718 -0.041605 17.004770 -0.068832 17.356892 -0.100001 17.705027 -0.135363 18.050606 -0.175157 18.394912 -0.219627 18.737715 -0.268999 19.078895 -0.323465 19.418346 -0.383189 19.755947 -0.448303 20.091577 -0.518910 20.425091 -0.595138 20.756297 -0.677134 21.084953 -0.765051 21.410806 -0.859018 21.733591 -0.959151 22.046385 -1.064885 22.356463 -1.177020 22.663432 -1.295555
CENTER 45 30 0.506464 -0.000135 1.021293 -0.000648 1.535635 -0.001581 2.050031 -0.002952 2.565336 -0.004744 3.080721 -0.006928 3.595903 -0.009437 4.111876 -0.012188 4.628377 -0.015137 5.146823 -0.017769 5.658713 -0.020871 6.172095 -0.024100 6.678120 -0.027453 7.186575 -0.030982 7.697142 -0.034658 8.208909 -0.038497 8.721488 -0.042603 9.225596 -0.047100 9.742243 -0.052063 10.258833 -0.057720 10.775084 -0.064282 11.290459 -0.071937 11.811993 -0.080865 12.319816 -0.091095 12.819195 -0.102418 13.320792 -0.115001 13.824616 -0.128774 14.323876 -0.143118 14.829465 -0.158851 15.339710 -0.175774 15.856156 -0.194889 16.388755 -0.215426 16.931612 -0.237780 17.471742 -0.260512 18.008239 -0.283461 18.539118 -0.306481 19.071140 -0.329601 19.588555 -0.352318 20.089221 -0.374854 20.615373 -0.399020 21.142492 -0.424134 21.664543 -0.449591 22.173256 -0.475020 22.660342 -0.499204 23.146987 -0.524131 23.638344 -0.549957 24.134457 -0.576646 24.634800 -0.604133 25.136746 -0.632120 25.638112 -0.660363 26.139064 -0.688946 26.632197 -0.718365 27.134299 -0.748894 27.639965 -0.778214 28.147675 -0.807481 28.665239 -0.837016 29.179755 -0.865999 29.690166 -0.894549 30.198058 -0.922022 30.710403 -0.948994 31.217831 -0.975657 31.730145 -1.003012 32.238342 -1.029888 32.749323 -1.056820
CENTER 47 18 0.655574 -0.000184 1.313529 -0.000798 1.972390 -0.001940 2.631243 -0.003704 3.290352 -0.006190 3.949444 -0.009505 4.591957 -0.013430 5.241400 -0.018472 5.897492 -0.024716 6.579626 -0.032755 7.266159 -0.042163 7.953845 -0.052962 8.639176 -0.065141 9.322756 -0.078753 10.006206 -0.093842 10.690262 -0.110463 11.374705 -0.128618 12.059623 -0.148307 12.744837 -0.169519 13.430364 -0.192251 14.116466 -0.216506 14.803117 -0.242265 15.490232 -0.269487 16.161154 -0.297257 16.856313 -0.327262 17.552091 -0.358839 18.248664 -0.392019 18.926294 -0.426215 19.603059 -0.461973 20.278619 -0.499216 20.956491 -0.538078 21.636362 -0.578547 22.316934 -0.620584 22.997238 -0.664150 23.677560 -0.709219 24.357882 -0.755778 25.038231 -0.803836 25.718667 -0.853383 26.416316 -0.905915 27.112140 -0.959810 27.806246 -1.015086 28.515285 -1.072742 29.215385 -1.131273 29.907917 -1.190785 30.593970 -1.251379 31.273616 -1.313060 31.950734 -1.376106 32.628926 -1.440753 33.307922 -1.506969 33.987738 -1.574765 34.668352 -1.644134 35.349734 -1.715044 36.031853 -1.787493 36.714660 -1.861473 37.381002 -1.934867 38.054929 -2.010512 38.719016 -2.086696 39.392285 -2.165151 40.074977 -2.245807 40.763373 -2.328123 41.454052 -2.411589 42.146246 -2.496037 42.838881 -2.581257 43.531588 -2.667115
CENTER 48 21 0.352802 -0.003898 0.711759 -0.016020 1.065450 -0.036365 1.413797 -0.065138 1.756587 -0.102535 2.093603 -0.148723 2.426292 -0.203907 2.755954 -0.268323 3.082238 -0.342105 3.404924 -0.425384 3.723821 -0.518302 4.045766 -0.623519 4.356426 -0.735820 4.664197 -0.858931 4.968670 -0.992904 5.269489 -1.137855 5.566811 -1.294105 5.859424 -1.461248 6.145704 -1.638608 6.425371 -1.826030 6.698155 -2.023325 6.963893 -2.230413 7.221251 -2.447094 7.469925 -2.672094 7.709918 -2.905494 7.941111 -3.147186 8.163310 -3.396833 8.377058 -3.654765 8.583101 -3.921541 8.781509 -4.197051 8.972427 -4.481312 9.155991 -4.774375 9.332281 -5.076201 9.501295 -5.386604 9.663019 -5.705255 9.817524 -6.031899 9.961908 -6.358487 10.104469 -6.703571 10.241040 -7.058688 10.371972 -7.423963 10.500515 -7.809278 10.622558 -8.201010 10.738148 -8.597997 10.847779 -9.000440 10.951603 -9.407916 11.050156 -9.821197 11.143965 -10.240677 11.232971 -10.666478 11.317840 -11.095540 11.398903 -11.527401 11.476504 -11.961776 11.550267 -12.388420 11.621697 -12.820434 11.691197 -13.258699 11.759225 -13.703629 11.826209 -14.155353 11.892340 -14.612480 11.956451 -15.063947 12.021116 -15.525460 12.082413 -15.986760 12.146099 -16.462174 12.211904 -16.951589 12.279256 -17.452263 12.347624 -17.961914
CENTER 50 20 0.405899 0.000296 0.813921 0.001232 1.221407 0.002826 1.626107 0.005097 2.028020 0.007926 2.427017 0.011103 2.823091 0.014461 3.216370 0.017867 3.606930 0.021223 3.994995 0.024542 4.380504 0.027925 4.763202 0.031424 5.134125 0.034965 5.520665 0.038996 5.901566 0.043164 6.276593 0.047368 6.653849 0.051590 7.020022 0.055619 7.375721 0.059471 7.722845 0.063204 8.060924 0.066870 8.391248 0.070547 8.715018 0.074255 9.031811 0.077937 9.341263 0.081524 9.643121 0.084939 9.937399 0.088109 10.224185 0.091004 10.503817 0.093629 10.769028 0.095717 11.023502 0.097647 11.274773 0.099126 11.523144 0.100110 11.768836 0.100552 12.011632 0.100372 12.250376 0.099562 12.484517 0.098173 12.714389 0.096189 12.940277 0.093577 13.166254 0.090454 13.387983 0.086616 13.605645 0.081980 13.819428 0.076477 14.025433 0.069969 14.228314 0.062623 14.432237 0.053973 14.637898 0.044702 14.837775 0.034862 15.031385 0.024464 15.218332 0.013455 15.398758 0.001720 15.573754 -0.010898 15.744194 -0.024543 15.910050 -0.039261 16.071336 -0.054974 16.228189 -0.071546 16.380822 -0.088782 16.529370 -0.106448 16.673958 -0.124400 16.814969 -0.142652 16.952711 -0.161305 17.083478 -0.180155 17.212246 -0.199806 17.336906 -0.220529
CENTER 51 10 0.372753 -0.000179 0.738557 -0.000827 1.097341 -0.002167 1.449041 -0.004444 1.793614 -0.007960 2.131038 -0.013054 2.461298 -0.020076 2.784375 -0.029370 3.100251 -0.041286 3.408933 -0.056151 3.710556 -0.074291 4.005266 -0.095995 4.293236 -0.121506 4.574654 -0.151022 4.849676 -0.184688 5.118437 -0.222597 5.381079 -0.264830 5.637761 -0.311485 5.888623 -0.362668 6.133819 -0.418505 6.363758 -0.475517 6.592413 -0.539286 6.819740 -0.609851 7.045840 -0.687329 7.270830 -0.771835 7.492721 -0.862493 7.709664 -0.958466 7.921896 -1.059899 8.129484 -1.166894 8.332461 -1.279480 8.540418 -1.401293 8.739395 -1.526754 8.929395 -1.655926 9.110257 -1.788687 9.281697 -1.924908 9.445476 -2.065395 9.603174 -2.210851 9.759768 -2.368525 9.908856 -2.529604 10.050468 -2.694075 10.184704 -2.861785 10.311696 -3.032482 10.431896 -3.206616 10.545643 -3.384563 10.652871 -3.566051 10.753555 -3.751028 10.847742 -3.939444 10.929985 -4.123464 11.006283 -4.311550 11.076347 -4.503304 11.139994 -4.698594 11.197131 -4.897647 11.247392 -5.099945 11.290570 -5.305023 11.326377 -5.503243 11.355645 -5.709723 11.378622 -5.924275 11.395616 -6.146917 11.406907 -6.377893 11.412791 -6.614880 11.413536 -6.855536 11.409362 -7.099889 11.400339 -7.348029 11.386413 -7.600221
CENTER 53 22 0.578498 -0.002228 1.158694 -0.008862 1.740791 -0.019949 2.324809 -0.035575 2.910809 -0.055857 3.510485 -0.081545 4.107837 -0.111895 4.702890 -0.146946 5.295670 -0.186718 5.898814 -0.232412 6.500217 -0.282904 7.102229 -0.338327 7.704756 -0.398609 8.307693 -0.463623 8.911837 -0.533378 9.517789 -0.607895 10.125294 -0.687111 10.734113 -0.770953 11.344192 -0.859398 11.955688 -0.952415 12.568567 -1.049910 13.183013 -1.151855 13.799183 -1.258203 14.417000 -1.368848 15.036185 -1.483578 15.656643 -1.602189 16.277993 -1.724421 16.899841 -1.849988 17.522051 -1.978657 18.144486 -2.110266 18.767030 -2.244645 19.377343 -2.378317 19.989441 -2.514864 20.603099 -2.654200 21.205348 -2.793898 21.814574 -2.937648 22.429428 -3.085267 23.048986 -3.236627 23.673189 -3.391806 24.299028 -3.550110 24.923717 -3.710759 25.560179 -3.876303 26.194366 -4.043579 26.826512 -4.212291 27.456778 -4.382190 28.084968 -4.553012 28.711904 -4.724780 29.338337 -4.897539 29.964009 -5.071195 30.588676 -5.245655 31.212378 -5.420870 31.835038 -5.596773 32.456397 -5.773234 33.076606 -5.950240 33.695632 -6.127718 34.313359 -6.305600 34.941986 -6.488322 35.563819 -6.669084 36.178990 -6.847750 36.787462 -7.024110 37.389396 -7.198012 37.975806 -7.368003 38.566337 -7.538694 39.148310 -7.705268
CENTER 54 27 0.475605 -0.000640 0.943594 -0.002505 1.413423 -0.005787 1.884562 -0.010626 2.354750 -0.017151 2.822447 -0.025476 3.287562 -0.035720 3.749804 -0.047982 4.209387 -0.062303 4.672413 -0.079911 5.125548 -0.098666 5.576230 -0.120175 6.025163 -0.144340 6.470878 -0.172107 6.914332 -0.203893 7.355775 -0.239891 7.810362 -0.282230 8.261243 -0.328476 8.709281 -0.378652 9.154700 -0.432918 9.597701 -0.491444 10.039462 -0.554588 10.481179 -0.622774 10.922818 -0.696199 11.364182 -0.774918 11.812152 -0.859682 12.257117 -0.949530 12.699523 -1.044509 13.139252 -1.144522 13.560849 -1.247257 13.983561 -1.355721 14.400534 -1.467927 14.830655 -1.589155 15.255120 -1.713842 15.683320 -1.845569 16.113960 -1.984098 16.545336 -2.128904 16.977740 -2.279991 17.411264 -2.437145 17.852412 -2.602032 18.283010 -2.769609 18.712343 -2.942673 19.140189 -3.121399 19.566507 -3.306038 19.991532 -3.496860 20.415016 -3.693933 20.843654 -3.899718 21.274129 -4.114312 21.698811 -4.333413 22.118087 -4.557209 22.532062 -4.785831 22.942175 -5.020003 23.350211 -5.260675 23.756282 -5.507966 24.160240 -5.761820 24.562182 -6.022294 24.962061 -6.289286 25.353386 -6.557356 25.745057 -6.833914 26.136941 -7.118875 26.522284 -7.408109 26.908461 -7.705872 27.284197 -8.008028 27.666614 -8.314708
CENTER 56 40 0.298271 0.000116 0.593225 0.000414 0.884791 0.000854 1.176842 0.001404 1.463558 0.001978 1.744777 0.002741 2.017447 0.003281 2.285436 0.003820 2.549565 0.004353 2.810513 0.004886 3.068191 0.005401 3.319743 0.005918 3.568690 0.006256 3.815197 0.006410 4.056714 0.006377 4.296263 0.006150 4.533235 0.005760 4.767188 0.005254 4.998144 0.004629 5.225743 0.003865 5.449745 0.002955 5.672034 0.001922 5.890730 0.000608 6.105069 -0.000912 6.314973 -0.002649 6.522728 -0.004584 6.727827 -0.006996 6.926012 -0.009652 7.122628 -0.012479 7.314399 -0.015508 7.499413 -0.018813 7.679958 -0.022359 7.855519 -0.026170 8.026070 -0.030258 8.191972 -0.034608 8.353107 -0.039205 8.509498 -0.044040 8.659137 -0.048852 8.804348 -0.053874 8.945368 -0.059104 9.084588 -0.064549 9.219265 -0.070205 9.348587 -0.076065 9.470526 -0.082340 9.593673 -0.088310 9.711484 -0.094770 9.827255 -0.101593 9.944745 -0.108316 10.061559 -0.115259 10.178238 -0.122469 10.295205 -0.130010 10.412981 -0.137983 10.532149 -0.146318 10.652234 -0.155100 10.774802 -0.164245 10.899323 -0.173805 11.024641 -0.183826 11.151015 -0.194360 11.278605 -0.205486 11.407762 -0.217288 11.540044 -0.229799 11.672077 -0.243172 11.805905 -0.257286 11.941499 -0.272169
CENTER 60 7 0.346558 -0.006492 0.693832 -0.025433 1.040762 -0.056680 1.387636 -0.100144 1.734354 -0.155930 2.080463 -0.224080 2.425567 -0.304602 2.770093 -0.397792 3.114076 -0.503751 3.457136 -0.622391 3.799736 -0.753738 4.142197 -0.897894 4.484407 -1.054908 4.826208 -1.224675 5.144001 -1.395272 5.470396 -1.582529 5.804834 -1.786124 6.146681 -2.005704 6.523522 -2.257520 6.899766 -2.521043 7.271333 -2.793579 7.657643 -3.091601 8.031108 -3.390788 8.394313 -3.692254 8.748789 -3.996147 9.072034 -4.278384 9.394325 -4.567702 9.718787 -4.866854 10.045096 -5.175380 10.373963 -5.493433 10.704122 -5.818848 11.035066 -6.150177 11.367932 -6.487657 11.702602 -6.830270 12.039218 -7.177492 12.353897 -7.508689 12.682674 -7.852265 13.024793 -8.207927 13.379910 -8.575992 13.747584 -8.956394 14.121753 -9.344740 14.496986 -9.737371 14.891855 -10.161057 15.278711 -10.578309 15.658231 -10.989143 16.030772 -11.392970 16.396784 -11.789184 16.787535 -12.206752 17.176420 -12.625667 17.563697 -13.045726 17.949539 -13.466725 18.333950 -13.888726 18.718983 -14.313591 19.106224 -14.742636 19.475501 -15.146125 19.849878 -15.556515 20.228545 -15.973195 20.611063 -16.396067 20.997038 -16.824999 21.384630 -17.257527 21.744419 -17.666110 22.117326 -18.086225 22.502714 -18.517810 22.900320 -18.961279
CENTER 63 10 0.231787 -0.003122 0.469156 -0.011999 0.709790 -0.026523 0.953743 -0.046349 1.201103 -0.071418 1.452127 -0.101803 1.716570 -0.139340 1.979383 -0.181222 2.252901 -0.228928 2.523580 -0.280579 2.791390 -0.335543 3.058739 -0.393807 3.327945 -0.455354 3.599836 -0.519766 3.875177 -0.586571 4.153702 -0.655234 4.435545 -0.725339 4.721380 -0.796787 5.000271 -0.864505 5.285319 -0.933350 5.576606 -1.003281 5.874255 -1.074378 6.178386 -1.146804 6.488111 -1.220280 6.802662 -1.294562 7.122165 -1.369839 7.446533 -1.446191 7.775446 -1.523506 8.109120 -1.601801 8.447525 -1.681094 8.790383 -1.761341 9.137765 -1.842532 9.490004 -1.924716 9.846751 -2.007943 10.207564 -2.092326 10.572649 -2.178030 10.942213 -2.265222 11.315810 -2.353980 11.693076 -2.444240 12.074254 -2.536030 12.459525 -2.629427 12.848475 -2.724323 13.221750 -2.817896 13.606138 -2.913446 14.002013 -3.011311 14.409006 -3.111550 14.826714 -3.214342 15.251622 -3.319592 15.679564 -3.426981 16.110175 -3.536387 16.543294 -3.648014 16.978980 -3.762164 17.434811 -3.886879 17.885964 -4.012614 18.332156 -4.139429 18.773302 -4.267302 19.209074 -4.396030 19.642631 -4.526870 20.077667 -4.661386 20.514043 -4.799625 20.951650 -4.941693 21.390755 -5.087825 21.831361 -5.238111 22.273072 -5.392511
CENTER 64 10 0.203908 -0.003641 0.408824 -0.014618 0.614541 -0.033037 0.821206 -0.059031 1.028146 -0.092585 1.234788 -0.133586 1.431716 -0.180013 1.633899 -0.234438 1.841219 -0.296786 2.053764 -0.367051 2.271868 -0.445218 2.493307 -0.530782 2.715885 -0.623004 2.939740 -0.721580 3.165004 -0.826385 3.391928 -0.937479 3.629080 -1.059856 3.863300 -1.185683 4.106055 -1.319777 4.344744 -1.456853 4.579514 -1.596311 4.812632 -1.738892 5.046249 -1.885366 5.281389 -2.035398 5.518956 -2.188746 5.758936 -2.344748 6.001597 -2.503085 6.247622 -2.663900 6.488464 -2.818724 6.734740 -2.976655 6.986537 -3.137691 7.243939 -3.301953 7.506999 -3.469628 7.774972 -3.640141 8.047220 -3.812998 8.323795 -3.988418 8.604594 -4.166450 8.889363 -4.346885 9.178309 -4.529801 9.471400 -4.715207 9.768378 -4.902990 10.069309 -5.093157 10.374497 -5.285838 10.683586 -5.480986 10.996115 -5.678580 11.312241 -5.878829 11.632115 -6.081947 11.955282 -6.287887 12.281425 -6.496467 12.610764 -6.707772 12.943431 -6.921933 13.279056 -7.138721 13.599811 -7.350098 13.930694 -7.566277 14.271953 -7.787786 14.623153 -8.014775 14.983852 -8.247374 15.350493 -8.484856 15.719136 -8.725760 16.089403 -8.969900 16.461129 -9.217275 16.834325 -9.468054 17.222844 -9.735668 17.606729 -10.002528
CENTER 66 38 0.471022 -0.001206 0.944456 -0.004955 1.415654 -0.011357 1.892166 -0.020483 2.374304 -0.032648 2.862122 -0.047905 3.355887 -0.066266 3.859385 -0.087884 4.351296 -0.111712 4.858273 -0.139135 5.372335 -0.169849 5.892494 -0.203292 6.411642 -0.238888 6.929017 -0.276366 7.432346 -0.314267 7.933278 -0.353916 8.441114 -0.395807 8.954261 -0.439660 9.472441 -0.485407 9.993418 -0.532737 10.520025 -0.581758 11.044294 -0.631765 11.567077 -0.682761 12.088365 -0.734666 12.602373 -0.786898 13.118863 -0.840218 13.645133 -0.895533 14.179942 -0.952406 14.701951 -1.008414 15.226018 -1.065316 15.743340 -1.122330 16.262625 -1.180241 16.785410 -1.239137 17.312628 -1.299121 17.842606 -1.360009 18.381264 -1.422851 18.919124 -1.486090 19.462148 -1.550235 20.000417 -1.614237 20.526909 -1.676922 21.059326 -1.740545 21.598814 -1.805758 22.136545 -1.870867 22.680355 -1.936830 23.220096 -2.002365 23.754943 -2.067288 24.286917 -2.131848 24.811180 -2.195092 25.336063 -2.258368 25.863005 -2.321795 26.391998 -2.385320 26.916145 -2.448243 27.443922 -2.511248 27.968572 -2.573485 28.499116 -2.636050 29.043009 -2.700116 29.597320 -2.765385 30.144398 -2.829427 30.691312 -2.893420 31.230728 -2.957143 31.778306 -3.021773 32.313972 -3.084489 32.861026 -3.147706 33.411587 -3.210634
CENTER 70 18 0.239341 -0.003309 0.476007 -0.013373 0.709972 -0.030338 0.941214 -0.054296 1.169679 -0.085287 1.395262 -0.123358 1.617803 -0.168491 1.837122 -0.220646 2.057966 -0.281384 2.280155 -0.350257 2.495635 -0.425326 2.704443 -0.506449 2.906484 -0.593454 3.102040 -0.686324 3.292520 -0.785408 3.478807 -0.890909 3.660599 -1.002689 3.837687 -1.120612 4.009802 -1.244502 4.176776 -1.374229 4.338471 -1.509625 4.494804 -1.650576 4.645834 -1.797110 4.791682 -1.949190 4.932490 -2.106740 5.064948 -2.265467 5.190964 -2.428002 5.314584 -2.598399 5.435589 -2.776474 5.553925 -2.962275 5.668711 -3.154719 5.778913 -3.352384 5.884490 -3.555091 5.985680 -3.762992 6.082736 -3.976195 6.175866 -4.194712 6.265240 -4.418490 6.354122 -4.653555 6.439065 -4.893124 6.520366 -5.137101 6.598338 -5.385169 6.673274 -5.637074 6.745737 -5.893189 6.817286 -6.159212 6.886684 -6.426757 6.954306 -6.695931 7.020519 -6.966996 7.085620 -7.239894 7.150093 -7.515972 7.214361 -7.796545 7.278619 -8.081476 7.343119 -8.370666 7.408147 -8.663989 7.473939 -8.961428 7.540686 -9.263149 7.608753 -9.562434 7.678157 -9.867036 7.748981 -10.177132 7.821177 -10.492804 7.894588 -10.813999 7.969171 -11.140214 8.044971 -11.471175 8.121819 -11.806845 8.199528 -12.147036
CENTER 71 33 0.465562 -0.000215 0.931637 -0.000978 1.402898 -0.002446 1.872612 -0.004643 2.340961 -0.007613 2.807258 -0.011363 3.271178 -0.015836 3.733300 -0.020936 4.193991 -0.026562 4.653290 -0.032555 5.111084 -0.038780 5.567373 -0.045132 6.028388 -0.051388 6.485355 -0.057675 6.926333 -0.063538 7.366209 -0.069468 7.804846 -0.075475 8.243707 -0.081534 8.684044 -0.087600 9.129952 -0.093628 9.572277 -0.099548 10.017276 -0.105289 10.458240 -0.110825 10.895109 -0.116062 11.334342 -0.120923 11.770606 -0.125328 12.204212 -0.129216 12.635558 -0.132573 13.064703 -0.135438 13.486740 -0.137867 13.902816 -0.139974 14.320794 -0.141765 14.740420 -0.143337 15.161773 -0.144757 15.591055 -0.145877 16.019438 -0.146991 16.451462 -0.148265 16.873348 -0.149903 17.291870 -0.151889 17.707479 -0.154440 18.113830 -0.157843 18.519338 -0.162354 18.924861 -0.168232 19.329890 -0.175676 19.734455 -0.184873 20.132876 -0.194811 20.532332 -0.207566 20.932620 -0.223331 21.327978 -0.242897 21.726647 -0.265763 22.121919 -0.292200 22.519704 -0.323099 22.928502 -0.357017 23.339857 -0.393837 23.758322 -0.433359 24.174725 -0.476232 24.597988 -0.522419 25.006337 -0.571959 25.407329 -0.625061 25.802317 -0.681547 26.187477 -0.740461 26.577475 -0.803616 26.966455 -0.869004 27.354301 -0.936431
CENTER 73 16 0.382621 -0.000267 0.764478 -0.001181 1.155649 -0.002906 1.541791 -0.005623 1.912138 -0.009367 2.295344 -0.015094 2.676750 -0.022751 3.058646 -0.032710 3.442983 -0.045355 3.827059 -0.061032 4.209079 -0.080126 4.599134 -0.104025 4.997066 -0.132262 5.363709 -0.162981 5.728462 -0.198894 6.091168 -0.240189 6.452554 -0.287200 6.815577 -0.340305 7.179359 -0.399363 7.531536 -0.463200 7.883138 -0.533357 8.244186 -0.611387 8.599862 -0.695469 8.950083 -0.785883 9.293810 -0.882684 9.630216 -0.985886 9.961393 -1.095963 10.289038 -1.213274 10.612670 -1.337805 10.931967 -1.469656 11.246548 -1.609007 11.556020 -1.756019 11.860002 -1.910854 12.158128 -2.073686 12.457840 -2.250637 12.750082 -2.434791 13.034673 -2.626251 13.311311 -2.824938 13.579709 -3.030702 13.840087 -3.243903 14.092488 -3.464787 14.336415 -3.693098 14.563749 -3.922479 14.782893 -4.159824 14.993609 -4.405089 15.195786 -4.658172 15.384551 -4.911790 15.565962 -5.175680 15.739528 -5.449176 15.905270 -5.732092 16.063106 -6.024285 16.211988 -6.324083 16.350851 -6.629941 16.479556 -6.941958 16.602700 -7.267308 16.713754 -7.595670 16.812766 -7.927107 16.899802 -8.261557 16.974974 -8.599294 17.038617 -8.930557 17.092230 -9.272290 17.135914 -9.624011 17.169853 -9.985676 17.193878 -10.370821
CENTER 79 8 0.310533 -0.004963 0.619072 -0.019864 0.925544 -0.044887 1.229904 -0.080194 1.515023 -0.123340 1.804863 -0.177952 2.099035 -0.244200 2.397369 -0.322301 2.699567 -0.412478 3.001723 -0.514102 3.300139 -0.626468 3.594754 -0.749676 3.901214 -0.890350 4.196971 -1.038989 4.482255 -1.195535 4.757153 -1.359767 5.022060 -1.531663 5.280350 -1.712723 5.534848 -1.904128 5.785323 -2.105581 6.031977 -2.317175 6.274516 -2.538561 6.513022 -2.769586 6.747910 -3.010228 6.979220 -3.259972 7.207094 -3.518279 7.432125 -3.785109 7.654654 -4.060155 7.874815 -4.342885 8.107008 -4.649538 8.335114 -4.961870 8.559544 -5.279777 8.780463 -5.602874 8.997995 -5.930814 9.213394 -6.264692 9.427703 -6.605465 9.640760 -6.952518 9.843320 -7.286594 10.047157 -7.629250 10.252200 -7.979571 10.458699 -8.337265 10.667063 -8.702377 10.876904 -9.073126 11.088263 -9.448493 11.301832 -9.829014 11.517742 -10.214312 11.736209 -10.604220 11.957776 -10.999462 12.182253 -11.399889 12.409571 -11.805659 12.639836 -12.217223 12.856448 -12.611338 13.083165 -13.020058 13.319209 -13.443584 13.563911 -13.881996 13.816461 -14.334862 14.072755 -14.797289 14.329229 -15.264263 14.586155 -15.735604 14.870868 -16.261505 15.148131 -16.777425 15.418726 -17.283312 15.683172 -17.778628 15.942222 -18.263344
CENTER 80 9 0.497214 -0.003381 0.972575 -0.012237 1.456247 -0.026491 1.948260 -0.045737 2.448772 -0.069729 2.956739 -0.098593 3.469879 -0.132461 3.987062 -0.171263 4.508381 -0.215048 5.057802 -0.266832 5.601035 -0.322277 6.138368 -0.380931 6.669764 -0.442236 7.195098 -0.505488 7.719826 -0.570643 8.249028 -0.637729 8.782248 -0.706220 9.319504 -0.775754 9.860849 -0.846149 10.406402 -0.917412 10.956402 -0.989577 11.511092 -1.062619 12.070711 -1.136499 12.665133 -1.213448 13.261268 -1.291014 13.859893 -1.369177 14.461170 -1.447875 15.065227 -1.527098 15.674329 -1.607035 16.290038 -1.687914 16.911095 -1.769793 17.537361 -1.852735 18.140243 -1.930889 18.752476 -2.010566 19.373363 -2.091619 20.003394 -2.173965 20.642577 -2.257442 21.288102 -2.341389 21.938302 -2.425335 22.594292 -2.509420 23.256080 -2.593593 23.923018 -2.677708 24.595061 -2.761780 25.272253 -2.845827 25.954011 -2.929716 26.640271 -3.013415 27.331686 -3.097029 28.028355 -3.180538 28.730303 -3.263916 29.438237 -3.347193 30.114761 -3.428054 30.812008 -3.509263 31.529186 -3.590808 32.311195 -3.675536 33.107428 -3.761102 33.910299 -3.847308 34.712921 -3.933765 35.515818 -4.020502 36.320819 -4.107665 37.166676 -4.202433 38.001092 -4.295809 38.824627 -4.387639 39.592850 -4.469433 40.355416 -4.549475
CENTER 82 29 0.516073 -0.002390 1.044392 -0.009907 1.575565 -0.022609 2.109559 -0.040580 2.653289 -0.064316 3.178498 -0.091982 3.705959 -0.124878 4.236068 -0.163015 4.768892 -0.206408 5.298464 -0.254218 5.834534 -0.307645 6.374855 -0.366487 6.919678 -0.430699 7.476452 -0.501688 8.032965 -0.577408 8.587751 -0.657698 9.140969 -0.742601 9.692761 -0.832098 10.244812 -0.926381 10.798523 -1.025535 11.353707 -1.129329 11.910315 -1.237560 12.468149 -1.350056 13.027158 -1.466760 13.587482 -1.587759 14.149128 -1.713183 14.712157 -1.843183 15.276836 -1.977929 15.843267 -2.117517 16.411384 -2.261901 16.989638 -2.413259 17.575605 -2.570855 18.167809 -2.733682 18.756170 -2.899712 19.340987 -3.068916 19.923976 -3.241793 20.498445 -3.416626 21.075354 -3.596209 21.654772 -3.780539 22.236257 -3.969472 22.819695 -4.162913 23.404512 -4.360621 23.990016 -4.562327 24.576673 -4.768125 25.164785 -4.978072 25.754162 -5.192059 26.344617 -5.409979 26.936300 -5.631798 27.528851 -5.857291 28.122066 -6.086217 28.716082 -6.318430 29.310676 -6.553666 29.905625 -6.791658 30.500872 -7.032216 31.096540 -7.275250 31.692625 -7.520613 32.271324 -7.760380 32.855805 -8.004514 33.445770 -8.252926 34.029373 -8.503388 34.622313 -8.758737 35.221526 -9.017890 35.838022 -9.282259 36.477019 -9.555690
CENTER 84 43 0.422564 -0.000796 0.851806 -0.003516 1.283402 -0.008419 1.721603 -0.015786 2.159935 -0.025865 2.598422 -0.038816 3.033422 -0.054394 3.465179 -0.072950 3.906423 -0.095131 4.352092 -0.120830 4.797329 -0.149649 5.249335 -0.182444 5.706968 -0.219185 6.169579 -0.259871 6.642534 -0.305002 7.118915 -0.353776 7.602631 -0.406805 8.088247 -0.463290 8.576005 -0.523023 9.066366 -0.585868 9.559048 -0.651342 10.049204 -0.719055 10.543489 -0.789280 11.041320 -0.861903 11.542643 -0.936407 12.042584 -1.011683 12.542695 -1.088419 13.048055 -1.167201 13.563622 -1.248941 14.086813 -1.332942 14.607828 -1.417611 15.130420 -1.503235 15.648188 -1.589105 16.162355 -1.675384 16.675480 -1.762416 17.183766 -1.849407 17.690352 -1.936516 18.201314 -2.024630 18.717769 -2.113957 19.240075 -2.204511 19.766665 -2.296026 20.295604 -2.388159 20.832126 -2.481494 21.369213 -2.575293 21.906669 -2.669535 22.444742 -2.764219 22.978451 -2.858436 23.519369 -2.954043 24.072855 -3.052614 24.629605 -3.151268 25.182406 -3.248862 25.730939 -3.345413 26.269410 -3.439562 26.806906 -3.533565 27.333865 -3.626249 27.866921 -3.719619 28.400129 -3.812852 28.940976 -3.906741 29.488929 -4.001133 30.048458 -4.097174 30.597438 -4.190610 31.149106 -4.284125 31.708899 -4.378366 32.269071 -4.472509
CENTER 85 38 0.410794 0.000479 0.821026 0.002031 1.224487 0.004299 1.633869 0.007116 2.044808 0.010200 2.456928 0.013234 2.870110 0.015941 3.278877 0.017885 3.689611 0.019111 4.103000 0.019524 4.514034 0.019111 4.935046 0.017466 5.359682 0.014688 5.787834 0.010568 6.219529 0.004916 6.653687 -0.002458 7.089521 -0.011754 7.527305 -0.023165 7.966906 -0.036805 8.408282 -0.052787 8.851457 -0.071234 9.296385 -0.092306 9.737613 -0.115886 10.180788 -0.141955 10.626055 -0.171536 11.068211 -0.204324 11.520556 -0.242064 11.975299 -0.283730 12.431983 -0.329136 12.901739 -0.379166 13.369994 -0.432227 13.836261 -0.488279 14.301273 -0.547435 14.769945 -0.610346 15.236002 -0.676245 15.695154 -0.744207 16.149020 -0.815154 16.604602 -0.889686 17.063328 -0.967857 17.521502 -1.048551 17.991024 -1.134296 18.463739 -1.223045 18.939395 -1.314524 19.417736 -1.408442 19.897811 -1.504445 20.384550 -1.603007 20.859198 -1.700331 21.335617 -1.800118 21.813692 -1.902293 22.293377 -2.006766 22.786064 -2.116367 23.270478 -2.225069 23.746026 -2.332397 24.220817 -2.440449 24.694634 -2.549169 25.175137 -2.660449 25.651913 -2.772390 26.131914 -2.886048 26.613912 -3.001082 27.097875 -3.117425 27.588918 -3.237796 28.087000 -3.359790 28.583493 -3.482030 29.083941 -3.606041
CENTER 86 32 0.424777 -0.002698 0.849357 -0.010960 1.272465 -0.024981 1.692713 -0.044780 2.112089 -0.070226 2.532237 -0.101207 2.953038 -0.137633 3.374624 -0.179427 3.797089 -0.226594 4.214289 -0.278620 4.640838 -0.337528 5.070744 -0.402324 5.509999 -0.473658 5.950176 -0.550778 6.396010 -0.634247 6.839384 -0.722928 7.262674 -0.812983 7.687587 -0.908717 8.114910 -1.010190 8.544795 -1.117467 8.977639 -1.230704 9.411913 -1.349542 9.846331 -1.473619 10.287509 -1.604745 10.728628 -1.740932 11.169823 -1.882147 11.611024 -2.028348 12.052229 -2.179639 12.493928 -2.336373 12.936062 -2.498730 13.378080 -2.666735 13.819763 -2.840497 14.254301 -3.018135 14.697008 -3.204475 15.138899 -3.396518 15.580295 -3.594551 16.021204 -3.798751 16.459794 -4.008610 16.902321 -4.227574 17.335216 -4.448138 17.774035 -4.677330 18.210613 -4.912686 18.645096 -5.154106 19.079056 -5.402299 19.512615 -5.657070 19.944923 -5.917682 20.369784 -6.180628 20.788898 -6.446279 21.208640 -6.718199 21.628819 -6.996180 22.049394 -7.280052 22.470072 -7.569439 22.890330 -7.863867 23.309937 -8.163083 23.734586 -8.471234 24.152106 -8.778742 24.570032 -9.091735 24.993655 -9.414491 25.415320 -9.740444 25.835615 -10.069775 26.253921 -10.401866 26.669286 -10.735806 27.082833 -11.072433 27.492423 -11.414774
CENTER 87 14 0.462379 -0.004344 0.898919 -0.016541 1.345095 -0.037282 1.800142 -0.066499 2.276594 -0.105742 2.772409 -0.154538 3.249971 -0.209299 3.728864 -0.271323 4.193706 -0.337020 4.665130 -0.409779 5.146987 -0.490103 5.636533 -0.577682 6.129725 -0.671869 6.625572 -0.772134 7.123097 -0.877971 7.622157 -0.989087 8.122602 -1.105170 8.640302 -1.230189 9.153646 -1.358099 9.662499 -1.488568 10.166162 -1.621130 10.679975 -1.758587 11.172965 -1.893738 11.671210 -2.033328 12.174304 -2.177444 12.697175 -2.331983 13.219466 -2.489719 13.738825 -2.649995 14.251427 -2.811640 14.757781 -2.974561 15.261737 -3.139970 15.766769 -3.309077 16.257293 -3.475715 16.750842 -3.646720 17.263998 -3.827058 17.777406 -4.011445 18.291271 -4.199926 18.787970 -4.385341 19.285213 -4.574159 19.784047 -4.766712 20.285183 -4.963310 20.788013 -5.163933 21.290967 -5.368105 21.792890 -5.575455 22.294015 -5.786133 22.794303 -6.000207 23.293737 -6.217753 23.774212 -6.433089 24.261459 -6.653975 24.755207 -6.880637 25.272915 -7.120813 25.789645 -7.364933 26.301809 -7.611920 26.805946 -7.860617 27.302460 -8.110961 27.795147 -8.364384 28.287493 -8.622291 28.779200 -8.884597 29.254691 -9.142536 29.736092 -9.408428 30.223134 -9.682202 30.715915 -9.963899 31.214505 -10.253556 31.735241 -10.555405
CENTER 88 36 0.628592 -0.000326 1.257408 -0.001368 1.886296 -0.003161 2.523216 -0.005758 3.150042 -0.009099 3.777355 -0.013490 4.404461 -0.018995 5.031427 -0.025688 5.659986 -0.033659 6.289850 -0.042948 6.919334 -0.053608 7.540590 -0.065491 8.164862 -0.079227 8.799713 -0.095273 9.433503 -0.113072 10.066205 -0.132663 10.703510 -0.154528 11.335528 -0.177856 11.972233 -0.203236 12.598846 -0.230290 13.216613 -0.258604 13.834896 -0.288886 14.453807 -0.321274 15.065833 -0.355299 15.682544 -0.392204 16.310401 -0.432748 16.937440 -0.475763 17.564229 -0.521238 18.189128 -0.568866 18.810405 -0.618262 19.438314 -0.670355 20.066102 -0.724341 20.685943 -0.779180 21.306763 -0.835766 21.928204 -0.893978 22.550504 -0.953767 23.181783 -1.015344 23.810483 -1.078040 24.428973 -1.141240 25.048269 -1.205387 25.675353 -1.270764 26.301239 -1.336584 26.928127 -1.402796 27.554119 -1.469130 28.177415 -1.535316 28.800230 -1.601326 29.424379 -1.667083 30.049352 -1.732278 30.667336 -1.795761 31.293805 -1.858677 31.913635 -1.919295 32.522292 -1.977688 33.145907 -2.035217 33.773218 -2.090594 34.404061 -2.143794 35.036848 -2.194651 35.667766 -2.243009 36.296625 -2.289090 36.925306 -2.333096 37.553866 -2.374935 38.181955 -2.414357 38.810219 -2.451828 39.439503 -2.486610 40.068625 -2.517919
CENTER 89 11 0.283842 -0.003101 0.571952 -0.012425 0.864210 -0.027871 1.160231 -0.049326 1.459832 -0.076736 1.763658 -0.110151 2.072092 -0.149578 2.384948 -0.195033 2.702077 -0.246473 3.023125 -0.303723 3.348072 -0.366561 3.665100 -0.431559 3.987744 -0.501904 4.315967 -0.577404 4.650230 -0.658023 4.990561 -0.743651 5.335772 -0.833767 5.685161 -0.927969 6.038692 -1.026081 6.396056 -1.127823 6.757166 -1.232900 7.122177 -1.341111 7.490942 -1.452201 7.863312 -1.565923 8.238979 -1.682107 8.617400 -1.800566 8.981773 -1.917608 9.355836 -2.038215 9.739079 -2.162339 10.131435 -2.289951 10.533037 -2.421031 10.939992 -2.554613 11.365427 -2.693531 11.790173 -2.833622 12.214061 -2.974846 12.636710 -3.117214 13.057874 -3.260727 13.493533 -3.413343 13.922573 -3.564410 14.344831 -3.713658 14.760102 -3.860588 15.168083 -4.004764 15.572201 -4.147697 15.959853 -4.282696 16.347864 -4.418216 16.735939 -4.554194 17.124154 -4.690657 17.512220 -4.827477 17.899377 -4.964064 18.285208 -5.099916 18.653929 -5.231222 19.028606 -5.363089 19.408926 -5.495645 19.794275 -5.628910 20.184559 -5.763110 20.576218 -5.897736 20.965734 -6.032094 21.353261 -6.166157 21.738893 -6.299983 22.122196 -6.433348 22.502664 -6.566048 22.894480 -6.705883 23.276206 -6.842044 23.647876 -6.974455
CENTER 92 27 0.418854 0.000075 0.836392 0.000262 1.253029 0.000502 1.669064 0.000772 2.084238 0.001109 2.498395 0.001583 2.911485 0.002265 3.317271 0.003163 3.722299 0.004390 4.126161 0.005944 4.528682 0.007792 4.915964 0.009773 5.304733 0.011903 5.694244 0.014097 6.084557 0.016287 6.475515 0.018398 6.864955 0.020328 7.250992 0.021982 7.633766 0.023254 8.013273 0.023990 8.389375 0.024011 8.761729 0.023330 9.138976 0.021149 9.512380 0.017431 9.881871 0.011840 10.247332 0.004048 10.608460 -0.006243 10.971896 -0.019522 11.326448 -0.036278 11.674343 -0.056447 12.009562 -0.079593 12.340811 -0.107153 12.669536 -0.139393 12.997229 -0.176630 13.323863 -0.219098 13.648156 -0.266763 13.975093 -0.320423 14.296119 -0.379087 14.605605 -0.442398 14.909888 -0.511181 15.205208 -0.584245 15.497904 -0.663968 15.788997 -0.750590 16.077810 -0.844092 16.363875 -0.944512 16.646377 -1.051579 16.924393 -1.165045 17.197744 -1.285073 17.466205 -1.411819 17.729585 -1.545366 17.987666 -1.685743 18.248422 -1.837827 18.501344 -1.995454 18.746347 -2.158639 18.983137 -2.327293 19.211363 -2.501329 19.431741 -2.681315 19.642312 -2.866902 19.845514 -3.058845 20.041081 -3.256884 20.228923 -3.460833 20.409090 -3.670619 20.581415 -3.885998 20.742938 -4.102505
CENTER 95 9 0.220861 -0.004059 0.438797 -0.016402 0.653757 -0.036637 0.865622 -0.064512 1.075167 -0.099852 1.283055 -0.142451 1.489100 -0.192333 1.693318 -0.249485 1.885840 -0.310607 2.077634 -0.378947 2.268179 -0.454508 2.457072 -0.537380 2.644100 -0.627692 2.828622 -0.725311 3.010160 -0.830035 3.189064 -0.941764 3.356194 -1.054666 3.526245 -1.177066 3.699242 -1.308987 3.875151 -1.450400 4.054315 -1.601469 4.234502 -1.760753 4.413426 -1.926492 4.591414 -2.098520 4.768628 -2.276973 4.952179 -2.470559 5.131535 -2.666331 5.306883 -2.864154 5.488373 -3.073321 5.664634 -3.283213 5.837760 -3.495577 6.009720 -3.712032 6.180637 -3.931910 6.351715 -4.155327 6.524028 -4.382286 6.697773 -4.612371 6.873516 -4.845636 7.045848 -5.070123 7.222430 -5.299428 7.403352 -5.533611 7.588632 -5.772865 7.778191 -6.017429 7.971425 -6.266453 8.167872 -6.519181 8.367548 -6.775822 8.570383 -7.036377 8.776211 -7.300515 8.985000 -7.568161 9.196944 -7.839542 9.411995 -8.114677 9.629902 -8.393369 9.850680 -8.675648 10.074556 -8.961775 10.301185 -9.251577 10.530155 -9.544834 10.761610 -9.841824 10.995649 -10.142823 11.231684 -10.447312 11.469594 -10.755268 11.709670 -11.067144 11.951779 -11.382802 12.195458 -11.701565 12.425538 -12.008884 12.664455 -12.324886
CENTER 100 10 0.428332 0.000153 0.853411 0.000554 1.274636 0.001150 1.691846 0.001896 2.104917 0.002760 2.512162 0.003702 2.912272 0.004685 3.305560 0.005668 3.692023 0.006579 4.071662 0.007311 4.444411 0.007732 4.810209 0.007675 5.168986 0.006918 5.520676 0.005214 5.865239 0.002261 6.202651 -0.002280 6.532899 -0.008760 6.855964 -0.017521 7.171826 -0.028916 7.480496 -0.043271 7.782108 -0.060910 8.076810 -0.082125 8.364774 -0.107159 8.646191 -0.136209 8.921217 -0.169421 9.189987 -0.206886 9.452644 -0.248687 9.709349 -0.294920 9.960238 -0.345689 10.205467 -0.401121 10.435468 -0.457670 10.664163 -0.521051 10.891521 -0.591272 11.117651 -0.668430 11.342678 -0.752629 11.564620 -0.842976 11.781635 -0.938620 11.993953 -1.039720 12.201636 -1.146386 12.404718 -1.258644 12.612816 -1.380060 12.811936 -1.505141 13.002080 -1.633952 13.183086 -1.766376 13.354669 -1.902286 13.518595 -2.042480 13.676453 -2.187647 13.833167 -2.345075 13.982418 -2.505888 14.124224 -2.670088 14.258670 -2.837528 14.385883 -3.007964 14.506312 -3.181847 14.620288 -3.359558 14.727753 -3.540820 14.828685 -3.725578 14.923133 -3.913778 15.005594 -4.097625 15.082123 -4.285539 15.152426 -4.477125 15.216321 -4.672253 15.273715 -4.871149 15.324235 -5.073299 15.367674 -5.278245
CENTER 101 19 0.494788 -0.000063 0.989134 -0.000003 1.480849 0.000224 1.955046 0.001029 2.426234 0.002131 2.896673 0.003446 3.357639 0.004797 3.825125 0.006253 4.298163 0.007836 4.764729 0.010125 5.241691 0.012364 5.726249 0.014472 6.227426 0.015495 6.739771 0.016682 7.248035 0.018033 7.749972 0.019680 8.245876 0.021624 8.738316 0.023696 9.230491 0.025687 9.722722 0.027543 10.214749 0.029153 10.706337 0.030411 11.208629 0.031594 11.705674 0.031942 12.186579 0.031525 12.667258 0.029867 13.147507 0.026871 13.630055 0.022546 14.117032 0.016919 14.605573 0.008567 15.092782 -0.001046 15.578859 -0.012022 16.052227 -0.023206 16.525773 -0.035973 16.999520 -0.050484 17.473468 -0.066876 17.947694 -0.085202 18.421190 -0.105412 18.893366 -0.127469 19.364293 -0.151414 19.844951 -0.177084 20.319343 -0.204608 20.787649 -0.233954 21.260487 -0.266254 21.725625 -0.300056 22.186014 -0.335297 22.643844 -0.371837 23.098733 -0.409517 23.551612 -0.448276 24.003341 -0.488056 24.453476 -0.528676 24.901974 -0.569982 25.349029 -0.611832 25.794651 -0.654068 26.238678 -0.696516 26.672617 -0.738431 27.108514 -0.780499 27.546189 -0.822667 27.994062 -0.865726 28.438724 -0.908374 28.880155 -0.950670 29.316563 -0.992320 29.738655 -1.032248 30.158652 -1.071467
CENTER 103 20 0.362968 -0.002885 0.706226 -0.011564 1.050062 -0.026423 1.395947 -0.047582 1.744946 -0.075191 2.096252 -0.109488 2.447347 -0.150648 2.804230 -0.199618 3.155163 -0.255514 3.499975 -0.318505 3.838358 -0.388667 4.170075 -0.466039 4.496669 -0.550865 4.819511 -0.643357 5.138213 -0.743561 5.452501 -0.851617 5.762062 -0.967698 6.066541 -1.092002 6.365597 -1.224741 6.658935 -1.366053 6.946369 -1.515991 7.227749 -1.674553 7.504088 -1.841693 7.775361 -2.018512 8.041371 -2.204944 8.301794 -2.400966 8.556243 -2.606569 8.803708 -2.821121 9.036779 -3.039370 9.262317 -3.266597 9.479949 -3.502521 9.689591 -3.746986 9.891297 -3.999921 10.084635 -4.260728 10.269291 -4.529000 10.445342 -4.804791 10.616974 -5.093381 10.778022 -5.386928 10.928405 -5.685338 11.068067 -5.988449 11.197164 -6.296379 11.316697 -6.610302 11.427654 -6.931284 11.530290 -7.259283 11.624831 -7.594327 11.711397 -7.936146 11.790086 -8.284454 11.861444 -8.638515 11.925400 -9.001192 11.982230 -9.372281 12.032307 -9.751735 12.076913 -10.150614 12.115240 -10.554945 12.148422 -10.972673 12.175857 -11.390693 12.197875 -11.808891 12.214860 -12.228179 12.227066 -12.637754 12.234903 -13.051715 12.238721 -13.471783 12.238868 -13.897768 12.236044 -14.321159 12.230374 -14.751069 12.222285 -15.186707
CENTER 106 6 0.355247 -0.006299 0.712853 -0.025203 1.072367 -0.056689 1.433818 -0.100679 1.798212 -0.157186 2.165940 -0.226348 2.536377 -0.308101 2.908847 -0.402223 3.253996 -0.501003 3.612881 -0.614594 3.984298 -0.742649 4.368090 -0.884917 4.800045 -1.053710 5.234128 -1.234180 5.691987 -1.437698 6.135362 -1.644865 6.564797 -1.854939 6.983204 -2.068287 7.360117 -2.265473 7.736921 -2.469644 8.119006 -2.683535 8.505951 -2.906836 8.897324 -3.139058 9.291514 -3.378481 9.687580 -3.623724 10.086465 -3.874637 10.488395 -4.130537 10.893862 -4.391096 11.302930 -4.655820 11.682207 -4.906188 12.080027 -5.166370 12.495486 -5.436309 12.928001 -5.716092 13.377387 -6.006620 13.835957 -6.304855 14.324720 -6.631456 14.801998 -6.952616 15.268672 -7.268217 15.724986 -7.577550 16.171156 -7.879874 16.614317 -8.180296 17.096674 -8.503864 17.576279 -8.828360 18.053863 -9.153972 18.529532 -9.480695 19.003528 -9.808350 19.478710 -10.138418 19.926362 -10.444978 20.381517 -10.757552 20.843097 -11.075713 21.310578 -11.399473 21.783495 -11.728811 22.259066 -12.061512 22.735232 -12.395742 23.174226 -12.709409 23.630830 -13.032700 24.104324 -13.365714 24.594622 -13.708801 25.101494 -14.062592 25.616602 -14.422831 26.165170 -14.815273 26.700843 -15.199204 27.224619 -15.574506 27.737001 -15.940644
CENTER 107 24 0.283094 -0.000128 0.569982 -0.000556 0.861142 -0.001092 1.151792 -0.001337 1.448505 -0.001297 1.751956 -0.000869 2.057187 -0.000055 2.369604 0.001064 2.682320 0.002398 3.003839 0.003921 3.333993 0.005533 3.672409 0.007163 4.018763 0.008828 4.371777 0.010536 4.730043 0.012274 5.093767 0.014000 5.462931 0.015645 5.843852 0.017120 6.227622 0.018248 6.614154 0.018865 6.996376 0.018938 7.391268 0.018228 7.789853 0.016815 8.185092 0.014751 8.587994 0.011945 8.996989 0.008351 9.412050 0.003790 9.842749 -0.002323 10.277820 -0.009717 10.715613 -0.018512 11.155719 -0.028770 11.597915 -0.040525 12.043096 -0.053874 12.491746 -0.068967 12.943485 -0.085920 13.398125 -0.104983 13.846868 -0.126085 14.306633 -0.150220 14.765971 -0.177129 15.224485 -0.206903 15.681996 -0.239532 16.137676 -0.274918 16.592261 -0.313079 17.047559 -0.354167 17.511898 -0.398125 17.967366 -0.445284 18.432709 -0.496950 18.897278 -0.551575 19.360788 -0.609102 19.823941 -0.669392 20.286662 -0.732254 20.749358 -0.797697 21.213071 -0.865698 21.677590 -0.936086 22.143024 -1.008773 22.601639 -1.081934 23.074217 -1.160171 23.549935 -1.240914 24.029190 -1.324050 24.512131 -1.409314 24.988257 -1.494516 25.467054 -1.581162 25.949204 -1.669314 26.434672 -1.758924
CENTER 108 8 0.307791 -0.006395 0.623604 -0.024094 0.948204 -0.053453 1.275594 -0.094695 1.617528 -0.150262 1.950339 -0.216506 2.274862 -0.293481 2.591053 -0.380935 2.898632 -0.478422 3.201701 -0.586706 3.503965 -0.706659 3.804424 -0.837888 4.102397 -0.979921 4.398170 -1.132830 4.692573 -1.297167 4.985204 -1.472678 5.275563 -1.658774 5.564502 -1.855529 5.852483 -2.062830 6.138814 -2.279691 6.423533 -2.505451 6.690536 -2.725136 6.964024 -2.959385 7.276035 -3.236874 7.584417 -3.520429 7.909770 -3.830921 8.226370 -4.142647 8.513346 -4.430200 8.796280 -4.721201 9.065271 -5.003076 9.337707 -5.295038 9.614114 -5.597530 9.893264 -5.908552 10.175088 -6.227463 10.458781 -6.552563 10.743201 -6.881453 11.029708 -7.214920 11.319350 -7.553521 11.612043 -7.896542 11.908054 -8.244006 12.207688 -8.595939 12.511058 -8.952101 12.801928 -9.289343 13.104247 -9.640550 13.431626 -10.029980 13.741461 -10.404791 14.063635 -10.792100 14.393159 -11.185861 14.726618 -11.581466 15.067780 -11.985099 15.414643 -12.397234 15.778668 -12.835964 16.136258 -13.269166 16.509632 -13.717130 16.891025 -14.182444 17.260601 -14.636055 17.607881 -15.056514 17.955103 -15.478759 18.303134 -15.903249 18.636948 -16.308316 18.977328 -16.722612 19.322738 -17.144070 19.671798 -17.570877 20.024699 -18.003289
