# cluster_centers_xy_v1
# category=s_curve
# ego-local xy: x=forward, y=left; plot right=-y
# columns: CENTER center_id count x0 y0 ... x63 y63
CENTER 110 14 0.165974 0.000064 0.340584 0.000257 0.524527 0.000505 0.714248 0.000692 0.914686 0.000824 1.125762 0.000867 1.347173 0.000819 1.578602 0.000698 1.819418 0.000493 2.068850 0.000179 2.326666 -0.000243 2.583075 -0.000783 2.852137 -0.001197 3.133499 -0.001333 3.427020 -0.001011 3.732540 0.000009 4.037497 0.001935 4.354274 0.004948 4.682532 0.009334 5.031583 0.015405 5.386581 0.023300 5.744648 0.033313 6.113421 0.045922 6.477829 0.061068 6.839854 0.079006 7.201541 0.099942 7.562427 0.124013 7.924589 0.151490 8.302665 0.183989 8.682225 0.220325 9.063335 0.260806 9.445811 0.305742 9.829464 0.355330 10.215072 0.409728 10.590682 0.467544 10.970123 0.530453 11.364977 0.600722 11.761508 0.675480 12.159781 0.754717 12.558643 0.838133 12.957119 0.925378 13.356188 1.016441 13.756230 1.110954 14.156994 1.208237 14.546641 1.305300 14.938999 1.404357 15.334319 1.504809 15.733106 1.606211 16.135675 1.708113 16.541464 1.809830 16.950357 1.910769 17.362761 2.010410 17.778896 2.108119 18.199112 2.203347 18.623970 2.295699 19.053473 2.384722 19.487526 2.469944 19.912256 2.548570 20.365170 2.626119 20.826721 2.699361 21.296961 2.767986 21.760376 2.830654 22.236393 2.888651 22.736937 2.944524
CENTER 111 49 0.491801 -0.000271 0.978203 -0.001107 1.469517 -0.002559 1.959982 -0.004843 2.450613 -0.008107 2.937375 -0.012789 3.432306 -0.018922 3.927382 -0.026331 4.416581 -0.035154 4.899863 -0.045541 5.376844 -0.057637 5.849346 -0.071642 6.320451 -0.087674 6.786700 -0.105772 7.261254 -0.126666 7.734703 -0.149459 8.207199 -0.174085 8.678548 -0.200430 9.148373 -0.228408 9.612916 -0.257286 10.081456 -0.288127 10.549007 -0.320428 11.015754 -0.354087 11.481789 -0.388958 11.951132 -0.424894 12.417578 -0.461558 12.881350 -0.498821 13.342363 -0.536547 13.800536 -0.574631 14.253162 -0.612875 14.706811 -0.651619 15.161312 -0.690792 15.616211 -0.729986 16.075283 -0.769769 16.532438 -0.809418 16.986959 -0.848784 17.434557 -0.887540 17.880957 -0.926010 18.326895 -0.964184 18.772446 -1.002064 19.217346 -1.039650 19.661207 -1.076910 20.103882 -1.113777 20.541325 -1.149743 20.978474 -1.185255 21.415405 -1.220165 21.852055 -1.254316 22.288328 -1.287612 22.720312 -1.319739 23.148968 -1.351372 23.576252 -1.380649 24.007847 -1.409396 24.448132 -1.437704 24.895271 -1.466278 25.341913 -1.493413 25.785959 -1.518837 26.226622 -1.542212 26.664265 -1.563566 27.099958 -1.583203 27.534698 -1.601394 27.972242 -1.618402 28.407219 -1.633888 28.839788 -1.647863 29.270107 -1.660351
CENTER 112 38 0.523505 0.000502 1.045972 0.002055 1.567519 0.004723 2.088170 0.008557 2.607974 0.013612 3.126974 0.019943 3.645094 0.027594 4.162253 0.036601 4.678577 0.047021 5.194093 0.058888 5.714621 0.072501 6.233671 0.087640 6.751268 0.104340 7.267353 0.122620 7.788121 0.142479 8.298010 0.164015 8.805663 0.187228 9.311011 0.212131 9.814090 0.238738 10.316229 0.267050 10.818216 0.297056 11.319650 0.328737 11.820786 0.362056 12.321689 0.396963 12.828330 0.433426 13.332370 0.471300 13.833981 0.510501 14.333142 0.550920 14.829918 0.592437 15.325740 0.634940 15.821930 0.678296 16.318422 0.722345 16.815275 0.766929 17.312532 0.811903 17.810123 0.857124 18.307983 0.902454 18.806131 0.947752 19.304577 0.992883 19.803328 1.037710 20.296497 1.082242 20.792721 1.126053 21.291910 1.169056 21.801359 1.210900 22.312931 1.251865 22.825331 1.291952 23.337269 1.331152 23.848734 1.369375 24.360188 1.406523 24.866211 1.441846 25.373283 1.476027 25.881424 1.509010 26.390759 1.540753 26.901421 1.571199 27.412977 1.600241 27.924986 1.627800 28.431444 1.654223 28.941158 1.678853 29.453920 1.701690 29.969742 1.722730 30.488747 1.741968 31.009441 1.759498 31.530436 1.775431 32.051929 1.789777 32.573895 1.802548
CENTER 113 20 0.530479 0.002712 1.061078 0.010909 1.589516 0.024849 2.116753 0.044789 2.631560 0.070188 3.149788 0.102368 3.671396 0.141653 4.196316 0.188393 4.724429 0.242894 5.253406 0.305154 5.780917 0.375178 6.307010 0.453202 6.831554 0.539284 7.353985 0.633476 7.874115 0.735914 8.391968 0.846743 8.918800 0.967557 9.438380 1.096071 9.937680 1.230120 10.431579 1.372126 10.919645 1.521884 11.404019 1.679687 11.886836 1.845859 12.367062 2.020137 12.855291 2.205336 13.336161 2.397165 13.810067 2.595662 14.277095 2.800751 14.737337 3.012337 15.203652 3.236253 15.666198 3.467102 16.124851 3.704615 16.579441 3.948409 17.029924 4.198052 17.476780 4.453343 17.920212 4.713862 18.359945 4.978829 18.795916 5.247575 19.227888 5.519404 19.655865 5.793739 20.080082 6.070072 20.500746 6.347944 20.917837 6.626799 21.331600 6.906136 21.742138 7.185418 22.149307 7.464106 22.552977 7.741553 22.953184 8.017202 23.349834 8.290430 23.733717 8.553561 24.115662 8.814355 24.495754 9.072380 24.874260 9.327409 25.251474 9.579334 25.627060 9.827590 26.000797 10.071750 26.364431 10.308303 26.730795 10.542175 27.099941 10.773336 27.472057 11.001793 27.857903 11.231415 28.243883 11.457424 28.628622 11.679186 29.012556 11.896681
CENTER 114 9 0.363216 0.001255 0.748782 0.005357 1.133258 0.012492 1.516627 0.023035 1.918193 0.038310 2.315369 0.057689 2.712081 0.081580 3.111535 0.110274 3.513127 0.143943 3.918126 0.182832 4.327448 0.227154 4.740426 0.276913 5.156772 0.332189 5.556626 0.390969 5.961744 0.455640 6.371351 0.526080 6.785059 0.602207 7.202445 0.683782 7.621237 0.770137 8.039898 0.860655 8.458478 0.954874 8.876666 1.052132 9.294568 1.151810 9.712418 1.253302 10.129780 1.355836 10.546712 1.458758 10.963782 1.561598 11.381238 1.663843 11.799472 1.764964 12.219256 1.864519 12.641030 1.961945 13.064567 2.056487 13.490008 2.147418 13.896012 2.231479 14.341680 2.313996 14.796647 2.391791 15.261532 2.464565 15.736445 2.532065 16.216656 2.593730 16.699421 2.649226 17.186853 2.698666 17.679016 2.742100 18.173836 2.783899 18.647699 2.814540 19.130413 2.839114 19.621979 2.858133 20.122519 2.871920 20.630926 2.881277 21.144863 2.886654 21.663185 2.887835 22.185974 2.884815 22.737370 2.878997 23.282906 2.868879 23.822884 2.854762 24.357273 2.836993 24.885920 2.816051 25.414253 2.792790 25.947308 2.768032 26.484537 2.742217 27.025887 2.715692 27.571354 2.688627 28.121042 2.661008 28.675207 2.632807 29.234116 2.604059
CENTER 115 21 0.417653 -0.001570 0.824800 -0.006498 1.231553 -0.015145 1.637931 -0.027904 2.035603 -0.044464 2.436773 -0.066293 2.840600 -0.093802 3.246694 -0.127418 3.655028 -0.167474 4.063255 -0.213919 4.477617 -0.268371 4.889021 -0.329201 5.297553 -0.396442 5.703197 -0.470094 6.106246 -0.550188 6.507510 -0.636795 6.907532 -0.729899 7.306250 -0.829298 7.703777 -0.934739 8.100092 -1.045879 8.495357 -1.162345 8.889735 -1.283748 9.283394 -1.409704 9.676667 -1.539861 10.069756 -1.673842 10.470998 -1.813174 10.868495 -1.954452 11.262629 -2.097379 11.653326 -2.241505 12.040639 -2.386433 12.418240 -2.530180 12.792654 -2.673044 13.172390 -2.817866 13.557621 -2.964411 13.948330 -3.112428 14.342229 -3.261100 14.736836 -3.409525 15.131800 -3.557327 15.526908 -3.704291 15.930517 -3.852096 16.333055 -3.998692 16.734587 -4.143862 17.134989 -4.287365 17.534159 -4.428951 17.932814 -4.568522 18.331486 -4.705951 18.729811 -4.840962 19.127605 -4.973295 19.524996 -5.102709 19.921797 -5.228909 20.317835 -5.351608 20.721407 -5.474023 21.112389 -5.590497 21.502125 -5.701136 21.890280 -5.805731 22.276758 -5.904143 22.663332 -5.996985 23.050055 -6.084830 23.435081 -6.167471 23.818539 -6.244773 24.192162 -6.313525 24.564934 -6.377061 24.936644 -6.435224 25.307096 -6.487944
CENTER 116 15 0.432868 -0.000108 0.850847 -0.000184 1.255000 -0.000334 1.662965 -0.000251 2.075249 0.000217 2.492399 0.001276 2.928278 0.003678 3.363388 0.007256 3.795575 0.012220 4.224433 0.018794 4.650173 0.027123 5.074264 0.037221 5.497305 0.049047 5.918842 0.062554 6.351236 0.078096 6.776780 0.095002 7.195616 0.113300 7.608160 0.133038 7.999924 0.153376 8.389476 0.175203 8.766997 0.199215 9.163015 0.223693 9.535052 0.248901 9.916064 0.275669 10.332375 0.303189 10.747565 0.332146 11.146718 0.362801 11.543946 0.394439 11.934168 0.426792 12.332902 0.459470 12.717303 0.492815 13.100524 0.526635 13.481557 0.560991 13.849557 0.595255 14.232589 0.631872 14.624860 0.669513 15.009816 0.707058 15.387360 0.744352 15.765204 0.781967 16.131184 0.818868 16.489553 0.855460 16.842165 0.891951 17.177160 0.926738 17.521997 0.964037 17.860914 1.001336 18.193398 1.038545 18.518663 1.075464 18.834030 1.111546 19.139597 1.146793 19.437912 1.181698 19.718765 1.215098 19.994104 1.248285 20.264252 1.281159 20.529106 1.313484 20.788757 1.345084 21.042145 1.376116 21.291822 1.405967 21.531843 1.433881 21.769587 1.460710 22.013952 1.490047 22.246216 1.514462 22.475229 1.538124 22.700550 1.560985 22.922085 1.583067
CENTER 117 21 0.488268 -0.002396 0.977057 -0.009837 1.457365 -0.022084 1.929839 -0.038922 2.384354 -0.059864 2.825597 -0.084687 3.259827 -0.112681 3.696598 -0.144549 4.135854 -0.179979 4.577053 -0.218600 5.018507 -0.259840 5.458563 -0.303037 5.896759 -0.347643 6.333310 -0.393221 6.768260 -0.439384 7.201786 -0.485842 7.633698 -0.532316 8.064085 -0.578591 8.493040 -0.624485 8.920513 -0.669768 9.346328 -0.714199 9.761647 -0.756924 10.179259 -0.798494 10.598786 -0.838696 11.011336 -0.876978 11.429188 -0.913697 11.869395 -0.950535 12.305574 -0.985074 12.737659 -1.017193 13.163262 -1.046721 13.589269 -1.073733 14.008327 -1.098121 14.422736 -1.119985 14.832253 -1.139029 15.245738 -1.156202 15.635004 -1.169074 16.010515 -1.176875 16.375683 -1.181296 16.749416 -1.181469 17.123669 -1.178377 17.489466 -1.172919 17.854992 -1.164391 18.218538 -1.152962 18.578398 -1.139751 18.927044 -1.123351 19.280293 -1.104116 19.633879 -1.081867 19.976795 -1.057221 20.317019 -1.030457 20.642487 -1.002684 20.954615 -0.973972 21.256491 -0.944306 21.549503 -0.913613 21.835476 -0.881712 22.115841 -0.848529 22.395733 -0.813662 22.668955 -0.777904 22.939890 -0.740882 23.203205 -0.703437 23.458790 -0.665805 23.712852 -0.625790 23.953299 -0.586794 24.186338 -0.548551 24.411966 -0.511184
CENTER 118 9 0.073572 0.000082 0.153580 0.000086 0.239880 0.000042 0.332418 -0.000013 0.431171 -0.000054 0.536551 -0.000065 0.648911 -0.000025 0.768725 0.000103 0.902814 0.000414 1.043966 0.000919 1.192540 0.001754 1.348902 0.002829 1.513413 0.004077 1.680755 0.005270 1.859216 0.006445 2.048750 0.007500 2.249407 0.008389 2.461113 0.009135 2.682971 0.009748 2.914590 0.010211 3.155753 0.010533 3.405882 0.010747 3.664706 0.010908 3.931869 0.011165 4.207038 0.011719 4.490464 0.012762 4.767214 0.014415 5.043748 0.016895 5.342780 0.020741 5.663363 0.025873 6.019851 0.032688 6.386004 0.041323 6.769990 0.052285 7.145334 0.065169 7.512506 0.080370 7.874515 0.098265 8.234336 0.119218 8.595162 0.143671 8.959920 0.171977 9.347532 0.206550 9.735952 0.244871 10.125400 0.287421 10.515691 0.334065 10.906600 0.385016 11.279956 0.438217 11.658792 0.496926 12.042133 0.561124 12.429855 0.630895 12.821738 0.706190 13.215998 0.786685 13.611221 0.872055 14.026045 0.965870 14.438990 1.063342 14.849886 1.163900 15.258643 1.266888 15.646598 1.368097 16.036474 1.471425 16.429520 1.576604 16.826225 1.683282 17.226503 1.790955 17.629284 1.898904 18.034252 2.006537 18.441639 2.113199 18.851748 2.218204
CENTER 119 9 0.635149 0.000035 1.329222 0.000173 2.004754 0.000385 2.662948 0.000549 3.303519 0.000573 3.925582 0.000355 4.537263 -0.000221 5.116891 -0.001188 5.697019 -0.002491 6.277152 -0.004068 6.857673 -0.005881 7.438951 -0.007880 8.018887 -0.009937 8.567911 -0.011734 9.097969 -0.013414 9.649987 -0.014813 10.222802 -0.016034 10.845493 -0.017360 11.469633 -0.019402 12.141782 -0.022952 12.780027 -0.028121 13.386376 -0.035186 13.936048 -0.044076 14.469919 -0.054789 14.995347 -0.067367 15.520216 -0.081919 16.043587 -0.098590 16.563404 -0.117607 17.077969 -0.139261 17.587679 -0.163749 18.117311 -0.192992 18.638954 -0.224763 19.152647 -0.259041 19.658487 -0.295821 20.156565 -0.335148 20.625416 -0.375481 21.074211 -0.417763 21.530718 -0.464134 22.018869 -0.516354 22.506262 -0.571653 22.988531 -0.629472 23.459488 -0.689050 23.918140 -0.749970 24.368908 -0.812122 24.815777 -0.875349 25.258490 -0.939174 25.697170 -1.003334 26.131899 -1.067768 26.562601 -1.132579 27.008917 -1.201437 27.449360 -1.270295 27.884394 -1.339013 28.294785 -1.403718 28.702143 -1.468032 29.107573 -1.531904 29.512068 -1.595332 29.915091 -1.658036 30.315039 -1.719569 30.710676 -1.779579 31.102160 -1.837987 31.488848 -1.894624 31.870518 -1.949394 32.247429 -2.002202 32.619621 -2.052843
CENTER 120 11 0.193303 0.000024 0.386732 0.000027 0.587679 0.000010 0.785905 -0.000016 0.997990 -0.000091 1.224808 -0.000257 1.465670 -0.000574 1.720117 -0.001109 1.985620 -0.001892 2.259727 -0.002920 2.542410 -0.004175 2.833640 -0.005643 3.133633 -0.007334 3.442310 -0.009260 3.769284 -0.011491 4.099179 -0.014012 4.432177 -0.016841 4.767710 -0.019980 5.105178 -0.023436 5.447071 -0.027246 5.811067 -0.031755 6.178784 -0.036712 6.550086 -0.042236 6.924847 -0.048462 7.302681 -0.055537 7.684367 -0.063661 8.070550 -0.073058 8.460399 -0.083933 8.853598 -0.096515 9.250126 -0.111034 9.649663 -0.127754 10.036424 -0.146614 10.428129 -0.168254 10.824563 -0.192972 11.224996 -0.221024 11.628940 -0.252612 12.018610 -0.285721 12.417163 -0.324046 12.824167 -0.367686 13.239716 -0.416825 13.663935 -0.471671 14.092234 -0.531604 14.520653 -0.596059 14.949512 -0.665122 15.378571 -0.738729 15.807905 -0.816810 16.238235 -0.899350 16.686785 -0.988509 17.129290 -1.080492 17.584312 -1.179503 18.031939 -1.280187 18.472466 -1.382144 18.910101 -1.485549 19.349037 -1.590554 19.790607 -1.696926 20.236044 -1.804391 20.685452 -1.912364 21.138542 -2.020137 21.594917 -2.126948 22.054396 -2.232103 22.498718 -2.330400 22.947599 -2.426166 23.400909 -2.518813 23.858717 -2.607926
CENTER 121 30 0.478504 0.001548 0.957751 0.006253 1.437209 0.014346 1.915952 0.026054 2.393444 0.041541 2.869706 0.060931 3.344892 0.084373 3.819024 0.111990 4.292234 0.143843 4.757511 0.179942 5.222755 0.220324 5.687499 0.264931 6.152526 0.314234 6.618482 0.367811 7.077131 0.423891 7.536713 0.483975 7.997071 0.547760 8.457227 0.614830 8.916161 0.684716 9.373257 0.756943 9.828276 0.831166 10.281081 0.907434 10.733977 0.985432 11.187102 1.065061 11.640518 1.146203 12.094116 1.228712 12.546966 1.312387 12.998172 1.397025 13.447630 1.482436 13.901957 1.569477 14.351684 1.656448 14.797072 1.743226 15.244827 1.831170 15.685739 1.918035 16.121529 2.003961 16.553583 2.089024 16.981869 2.173043 17.408115 2.256227 17.827469 2.337377 18.240831 2.417228 18.657263 2.496330 19.083141 2.575460 19.509357 2.653459 19.943024 2.730526 20.374357 2.806096 20.794979 2.879225 21.221352 2.951343 21.641136 3.021104 22.064215 3.088882 22.490875 3.154564 22.928928 3.218377 23.369318 3.279951 23.811190 3.339184 24.253550 3.396003 24.696674 3.450375 25.141106 3.502332 25.587259 3.551906 26.028696 3.597503 26.472612 3.640619 26.911831 3.681185 27.350204 3.719935 27.797359 3.755034 28.259560 3.785667 28.726414 3.813140
CENTER 122 16 0.235055 -0.000060 0.479449 -0.000248 0.724217 -0.000557 0.981457 -0.000915 1.250622 -0.001244 1.531312 -0.001446 1.823486 -0.001371 2.125088 -0.000818 2.433852 0.000438 2.741002 0.002570 3.059456 0.006142 3.397093 0.011475 3.740723 0.018718 4.090108 0.028092 4.442820 0.039750 4.796488 0.053818 5.161705 0.070492 5.527223 0.089946 5.892749 0.112382 6.257894 0.138063 6.622432 0.167285 6.999437 0.201647 7.378294 0.239962 7.758917 0.282556 8.141107 0.329560 8.524683 0.381142 8.910347 0.437528 9.309050 0.500821 9.697505 0.567395 10.088242 0.638536 10.480940 0.714086 10.875463 0.793876 11.272467 0.877910 11.671587 0.966026 12.071870 1.057744 12.473295 1.152628 12.865429 1.248054 13.260305 1.345869 13.657934 1.445387 14.058736 1.546063 14.463203 1.647370 14.870616 1.748500 15.280822 1.848877 15.694527 1.948145 16.111776 2.045772 16.532822 2.141321 16.957932 2.234399 17.387177 2.324531 17.820751 2.411303 18.258888 2.494264 18.689226 2.570539 19.144754 2.645498 19.594803 2.715020 20.058699 2.780208 20.536089 2.840939 21.024574 2.896934 21.522411 2.948064 22.039730 2.996707 22.554853 3.038543 23.055305 3.075025 23.560474 3.107835 24.083504 3.138476 24.607222 3.166192 25.134714 3.191422
CENTER 123 11 0.397851 0.002363 0.800351 0.009251 1.222745 0.020891 1.645786 0.036975 2.068456 0.057371 2.490435 0.081756 2.895865 0.108620 3.303393 0.138347 3.713578 0.170251 4.126358 0.203671 4.542135 0.238024 4.959609 0.272656 5.378342 0.307039 5.799219 0.340731 6.222247 0.373163 6.647766 0.403699 7.076172 0.431627 7.507551 0.456205 7.942190 0.476819 8.380272 0.492890 8.803330 0.504570 9.259837 0.508834 9.724924 0.507434 10.198283 0.500048 10.679961 0.486420 11.166759 0.466578 11.656469 0.440472 12.148769 0.410806 12.623662 0.373482 13.086041 0.332412 13.563539 0.283427 14.075842 0.226380 14.593714 0.164594 15.136186 0.096296 15.674871 0.025415 16.205990 -0.047589 16.753605 -0.124919 17.273212 -0.202965 17.789595 -0.284360 18.303516 -0.369038 18.814547 -0.456504 19.327545 -0.546609 19.845236 -0.638912 20.365725 -0.732624 20.889692 -0.827433 21.417141 -0.923174 21.947317 -1.019735 22.480276 -1.117214 23.016102 -1.215737 23.554617 -1.315322 24.096418 -1.415964 24.642464 -1.517643 25.195122 -1.622362 25.759380 -1.728549 26.335360 -1.836296 26.922634 -1.945617 27.542650 -2.059028 28.159983 -2.172078 28.771103 -2.284512 29.351290 -2.392657 29.927357 -2.501157 30.504644 -2.610765 31.088167 -2.721944 31.677862 -2.834430
CENTER 124 10 0.437644 0.000124 0.892859 0.000496 1.343965 0.001112 1.790816 0.002006 2.233588 0.003170 2.672450 0.004521 3.108406 0.005958 3.542861 0.007338 3.975798 0.008434 4.407233 0.009038 4.837265 0.008907 5.246503 0.007632 5.656320 0.005010 6.066883 0.000656 6.478390 -0.005859 6.890339 -0.014937 7.301673 -0.027001 7.711599 -0.042512 8.120116 -0.061882 8.527185 -0.085537 8.932720 -0.113925 9.336642 -0.147510 9.739185 -0.186699 10.139882 -0.231808 10.538570 -0.283231 10.918262 -0.337348 11.304121 -0.400860 11.695168 -0.473858 12.091692 -0.556663 12.493673 -0.649366 12.896443 -0.750529 13.312591 -0.864875 13.723981 -0.985570 14.130969 -1.112417 14.533700 -1.245080 14.950116 -1.387345 15.356433 -1.533028 15.754472 -1.682144 16.144175 -1.833981 16.525866 -1.987892 16.904282 -2.144480 17.267134 -2.298304 17.632986 -2.455340 18.002251 -2.615073 18.375191 -2.777040 18.751459 -2.940631 19.129906 -3.105046 19.509569 -3.269667 19.890364 -3.434313 20.272139 -3.598829 20.654993 -3.763169 21.021482 -3.919850 21.396210 -4.079031 21.778608 -4.240364 22.168718 -4.403717 22.566278 -4.568806 22.967133 -4.733812 23.367491 -4.897064 23.767618 -5.058501 24.167171 -5.217879 24.583143 -5.381506 25.013531 -5.549206 25.433744 -5.710637 25.844137 -5.865735
CENTER 125 16 0.388288 -0.000863 0.780168 -0.003520 1.175127 -0.008202 1.573226 -0.015153 1.974364 -0.024622 2.377920 -0.036852 2.761479 -0.051288 3.154257 -0.069432 3.555550 -0.091525 3.964848 -0.117809 4.382198 -0.148521 4.803886 -0.183573 5.226203 -0.222839 5.649422 -0.266447 6.073641 -0.314458 6.498820 -0.366882 6.925046 -0.423717 7.352672 -0.484919 7.781904 -0.550349 8.225115 -0.621979 8.668373 -0.697216 9.112255 -0.775811 9.568191 -0.858819 10.019425 -0.943618 10.467444 -1.030012 10.913127 -1.117695 11.356409 -1.206137 11.800324 -1.295251 12.247662 -1.384862 12.698268 -1.474314 13.151929 -1.562966 13.608425 -1.650195 14.067747 -1.735390 14.529516 -1.817985 14.993483 -1.897513 15.447404 -1.970649 15.904722 -2.040324 16.364750 -2.106167 16.827471 -2.167941 17.292648 -2.225357 17.759338 -2.277930 18.226818 -2.325301 18.694628 -2.367393 19.162580 -2.404223 19.630472 -2.435921 20.097872 -2.462717 20.564817 -2.484942 21.031570 -2.502975 21.497728 -2.517169 21.963194 -2.527904 22.427902 -2.535546 22.891577 -2.540409 23.354391 -2.542830 23.816553 -2.543130 24.265217 -2.542273 24.718369 -2.539482 25.175581 -2.535108 25.636627 -2.529466 26.101748 -2.522872 26.568012 -2.515789 27.032959 -2.508573 27.497061 -2.501363 27.960329 -2.494244 28.422550 -2.487231
CENTER 126 18 0.501529 -0.000482 1.010400 -0.001963 1.509135 -0.004392 1.997727 -0.007705 2.478763 -0.011886 2.954823 -0.016914 3.428746 -0.022702 3.903210 -0.029120 4.389229 -0.036643 4.885892 -0.044418 5.379689 -0.052240 5.870580 -0.059851 6.347399 -0.065874 6.823623 -0.071280 7.300582 -0.075838 7.779113 -0.079275 8.259117 -0.081230 8.739576 -0.081231 9.219487 -0.078819 9.698516 -0.073616 10.176375 -0.065272 10.652971 -0.053505 11.128158 -0.038114 11.590293 -0.018995 12.053146 0.004038 12.515957 0.031035 12.978630 0.062090 13.441113 0.097285 13.902028 0.136664 14.349954 0.178613 14.801252 0.225765 15.255281 0.277946 15.712204 0.335010 16.171911 0.396737 16.631590 0.462372 17.089273 0.531221 17.545351 0.603033 17.999660 0.677471 18.462934 0.756503 18.923035 0.837260 19.379786 0.919503 19.833212 1.003055 20.283537 1.087795 20.731564 1.173614 21.177666 1.260668 21.621943 1.348756 22.064457 1.437656 22.516396 1.528493 22.961729 1.618823 23.400841 1.708509 23.833790 1.797364 24.260677 1.885231 24.673740 1.970076 25.087704 2.054757 25.502544 2.139095 25.918478 2.222948 26.335724 2.306163 26.753393 2.388319 27.171383 2.469121 27.589972 2.548383 28.009039 2.625864 28.428831 2.701403 28.849770 2.774886 29.271845 2.846162
CENTER 127 26 0.548768 -0.000071 1.103546 -0.000264 1.664444 -0.000550 2.221426 -0.000978 2.784573 -0.001486 3.349005 -0.002203 3.923278 -0.003390 4.495736 -0.005265 5.069805 -0.008250 5.631219 -0.012638 6.180396 -0.018586 6.719022 -0.026101 7.240090 -0.035116 7.749943 -0.045293 8.269503 -0.056976 8.786315 -0.070133 9.309223 -0.085473 9.827595 -0.102455 10.339146 -0.121204 10.844396 -0.141814 11.354043 -0.164681 11.856342 -0.189559 12.351973 -0.216614 12.840961 -0.246018 13.314993 -0.277342 13.787633 -0.311665 14.260595 -0.349166 14.733750 -0.389861 15.215092 -0.434265 15.691429 -0.481232 16.161354 -0.530470 16.616713 -0.581102 17.074518 -0.634304 17.527472 -0.689192 17.977467 -0.745685 18.424713 -0.803619 18.868855 -0.862828 19.309994 -0.923201 19.755407 -0.985888 20.189634 -1.048679 20.621571 -1.112089 21.050936 -1.175741 21.471081 -1.238114 21.889919 -1.300388 22.307102 -1.362371 22.721962 -1.423888 23.134455 -1.484902 23.544142 -1.545282 23.950668 -1.604857 24.354055 -1.663498 24.754271 -1.721021 25.151340 -1.777177 25.545330 -1.831671 25.923338 -1.881746 26.303669 -1.930445 26.688705 -1.978597 27.084476 -2.025151 27.488834 -2.071075 27.884350 -2.114088 28.277262 -2.153959 28.666761 -2.191544 29.052849 -2.225887 29.428585 -2.255845 29.808657 -2.283211
CENTER 128 18 0.312852 -0.000933 0.636518 -0.003950 0.970876 -0.009208 1.321952 -0.016828 1.689747 -0.027664 2.057183 -0.040268 2.441232 -0.055692 2.819734 -0.072481 3.194127 -0.090422 3.568753 -0.109754 3.936409 -0.128807 4.308718 -0.149699 4.686662 -0.172548 5.069878 -0.197347 5.457839 -0.223978 5.849301 -0.252202 6.243492 -0.281898 6.640361 -0.313116 7.039841 -0.345979 7.441916 -0.380742 7.836957 -0.417480 8.235564 -0.456624 8.627112 -0.497142 9.026065 -0.541229 9.431855 -0.588949 9.843704 -0.640344 10.250627 -0.693626 10.664829 -0.750669 11.083723 -0.811186 11.507548 -0.875368 11.946160 -0.945954 12.382671 -1.019186 12.815349 -1.094768 13.244371 -1.172573 13.669761 -1.252357 14.115070 -1.338343 14.569093 -1.427805 15.017185 -1.518145 15.459806 -1.608947 15.887254 -1.697620 16.312536 -1.786275 16.739613 -1.875213 17.170647 -1.964426 17.605335 -2.053434 18.042919 -2.141540 18.482437 -2.228001 18.923594 -2.312116 19.366215 -2.393183 19.800547 -2.470876 20.228809 -2.541281 20.663103 -2.607239 21.103008 -2.668579 21.557831 -2.725773 22.012112 -2.778553 22.463057 -2.826704 22.909916 -2.869833 23.352690 -2.907755 23.793209 -2.940341 24.233049 -2.967534 24.671885 -2.989442 25.109739 -3.006320 25.546421 -3.018535 25.981405 -3.026489 26.414671 -3.030669
CENTER 129 8 0.354533 0.001446 0.711037 0.005895 1.069749 0.013521 1.430594 0.024544 1.793538 0.039284 2.158544 0.058022 2.525516 0.080879 2.894369 0.107995 3.265042 0.139429 3.658678 0.177108 4.051034 0.218473 4.442525 0.263345 4.833193 0.311380 5.223010 0.362259 5.613683 0.416024 6.006619 0.472542 6.401561 0.531331 6.777715 0.588556 7.159476 0.647642 7.546874 0.707998 7.940327 0.769128 8.340359 0.830549 8.745845 0.891392 9.155947 0.950829 9.571446 1.008404 9.992588 1.063566 10.419425 1.115835 10.851978 1.164898 11.290187 1.210547 11.733927 1.252571 12.183023 1.290777 12.637429 1.324940 13.097122 1.354772 13.562067 1.380006 14.004572 1.401028 14.463667 1.416498 14.938662 1.426546 15.429255 1.431466 15.935094 1.431683 16.449661 1.428018 16.995079 1.419973 17.539671 1.409868 18.111206 1.399294 18.669710 1.387353 19.215580 1.374088 19.751333 1.359301 20.278502 1.342871 20.802067 1.324933 21.299839 1.305091 21.803579 1.283606 22.312256 1.260718 22.826372 1.236620 23.346395 1.211476 23.869209 1.185516 24.392771 1.158894 24.918081 1.131694 25.444649 1.104035 25.971867 1.076047 26.500704 1.047727 27.001322 1.021479 27.516752 0.993525 28.046877 0.963978 28.592075 0.932855 29.152214 0.900162
CENTER 130 9 0.436998 0.001009 0.870076 0.004562 1.321079 0.010660 1.761421 0.018811 2.191086 0.028868 2.610737 0.040775 2.996203 0.053717 3.378830 0.068484 3.763344 0.085107 4.149672 0.103476 4.537182 0.123345 4.924373 0.144435 5.310659 0.166523 5.676916 0.188734 6.049767 0.211493 6.429272 0.234583 6.815372 0.257904 7.207351 0.281344 7.601226 0.304878 7.993581 0.328560 8.384384 0.352443 8.773355 0.376496 9.179927 0.402325 9.577280 0.427708 9.965658 0.452494 10.345308 0.476566 10.716309 0.499855 11.082264 0.522593 11.446051 0.545026 11.823757 0.567744 12.195306 0.590166 12.560187 0.612384 12.917646 0.634378 13.266897 0.656092 13.608186 0.677485 13.941987 0.698533 14.267660 0.719135 14.585223 0.739235 14.877902 0.757326 15.164977 0.774947 15.446352 0.792016 15.722357 0.808496 15.993171 0.824305 16.258085 0.839261 16.516731 0.853245 16.769932 0.866240 17.006432 0.878075 17.242975 0.888755 17.479864 0.898282 17.717442 0.906693 17.955946 0.914048 18.193228 0.920490 18.427252 0.926118 18.658154 0.930948 18.886013 0.934973 19.122471 0.938846 19.350945 0.941529 19.571423 0.942826 19.783951 0.942540 19.988192 0.940561 20.186213 0.936962 20.388964 0.931043 20.586164 0.923776 20.777426 0.915282
CENTER 131 19 0.425809 0.001984 0.870621 0.008100 1.310527 0.018164 1.757020 0.032193 2.208038 0.050062 2.671042 0.072508 3.151667 0.099765 3.626004 0.130152 4.093420 0.163457 4.542741 0.197568 4.986698 0.233970 5.428309 0.272332 5.880269 0.311185 6.330260 0.351043 6.767503 0.392600 7.193301 0.432905 7.619960 0.473131 8.048680 0.513024 8.480018 0.552345 8.913463 0.591057 9.347711 0.628901 9.781904 0.665476 10.216697 0.700560 10.652105 0.733900 11.087715 0.765210 11.524361 0.794347 11.962454 0.821096 12.390892 0.844616 12.838109 0.865308 13.290010 0.882807 13.745974 0.896847 14.204750 0.909097 14.643324 0.916249 15.089308 0.918969 15.554972 0.917207 16.012896 0.912089 16.488434 0.903910 16.979439 0.891232 17.482649 0.874524 17.987028 0.854771 18.481007 0.832225 18.983080 0.806822 19.479191 0.778371 19.970890 0.746451 20.445377 0.711152 20.917810 0.672209 21.391994 0.629876 21.848408 0.584629 22.318403 0.537015 22.811432 0.488702 23.311619 0.438314 23.818771 0.385962 24.327126 0.331593 24.833584 0.276943 25.339401 0.218995 25.846296 0.158022 26.341579 0.095597 26.854219 0.027594 27.368319 -0.041551 27.910177 -0.114228 28.446154 -0.186193 28.973640 -0.257370 29.491707 -0.328426 29.989067 -0.399082
CENTER 132 7 0.505616 0.004363 1.005200 0.018171 1.505030 0.041155 2.005040 0.073160 2.505246 0.114019 3.005639 0.163624 3.505631 0.221729 4.004772 0.287973 4.503222 0.362111 5.001218 0.443952 5.498395 0.533207 5.995483 0.629735 6.493248 0.733456 6.992341 0.844368 7.525423 0.969275 8.054851 1.100440 8.580480 1.237487 9.101379 1.379863 9.615799 1.526534 10.124725 1.676831 10.628807 1.829947 11.095042 1.973294 11.558872 2.117738 12.019644 2.262001 12.477676 2.405283 12.933597 2.547141 13.385901 2.686523 13.833424 2.822667 14.277816 2.955937 14.719770 3.086476 15.159259 3.214269 15.596473 3.339276 16.031561 3.461403 16.464159 3.580420 16.894375 3.696266 17.322134 3.808749 17.747343 3.917748 18.170382 4.023359 18.591198 4.125571 19.009682 4.224280 19.426329 4.319535 19.814735 4.407428 20.212996 4.491976 20.620810 4.572970 21.038525 4.650349 21.498610 4.727136 21.959944 4.800257 22.418047 4.869128 22.900352 4.941008 23.370029 5.006540 23.829748 5.065653 24.281477 5.118090 24.693592 5.156183 25.106722 5.187849 25.525803 5.213890 25.950191 5.233933 26.380198 5.248079 26.814142 5.256450 27.249973 5.259378 27.688225 5.257569 28.129850 5.251586 28.574354 5.241806 28.992447 5.231351 29.425844 5.214216
CENTER 133 8 0.520175 0.004371 1.042700 0.017330 1.567301 0.039125 2.091685 0.069825 2.643040 0.111473 3.180966 0.161370 3.705819 0.219484 4.218048 0.285800 4.717692 0.360245 5.210783 0.443280 5.703321 0.535361 6.194838 0.636294 6.684868 0.745877 7.173438 0.863900 7.660627 0.990159 8.146113 1.124333 8.630083 1.266211 9.112769 1.415545 9.594397 1.572183 10.075156 1.736024 10.555639 1.907025 11.063980 2.094882 11.568406 2.288684 12.068855 2.488068 12.564623 2.692283 13.054767 2.900512 13.539743 3.112211 14.020168 3.326598 14.494891 3.542184 14.937186 3.744493 15.376693 3.946976 15.813183 4.148524 16.247084 4.348541 16.678982 4.546692 17.107655 4.741849 17.532776 4.933461 17.955421 5.121900 18.375690 5.307146 18.793934 5.489281 19.210340 5.668303 19.624601 5.843953 20.036797 6.016139 20.447437 6.184999 20.856159 6.350243 21.262835 6.511715 21.667768 6.669542 22.070898 6.823634 22.472225 6.973840 22.849615 7.114015 23.236061 7.252155 23.631016 7.387883 24.034721 7.521169 24.475021 7.658174 24.916594 7.791477 25.355677 7.920101 25.793722 8.044221 26.252991 8.172971 26.703968 8.294269 27.148884 8.408256 27.587633 8.514489 27.993668 8.602812 28.401655 8.684845 28.816164 8.762040 29.236738 8.834187
CENTER 134 16 0.462439 0.002639 0.924178 0.010594 1.396220 0.024212 1.866908 0.043176 2.325877 0.066921 2.785337 0.095793 3.232407 0.128736 3.685633 0.166552 4.144914 0.208970 4.623570 0.257415 5.104392 0.309689 5.585017 0.365345 6.060635 0.422730 6.529360 0.481897 6.991867 0.542446 7.460767 0.605331 7.908739 0.667567 8.355795 0.730090 8.804023 0.792931 9.253674 0.855985 9.706195 0.919344 10.160451 0.982356 10.609248 1.044787 11.052853 1.106384 11.491868 1.166996 11.926105 1.226298 12.357376 1.284132 12.788048 1.340591 13.218245 1.395534 13.647920 1.448776 14.077411 1.500203 14.494811 1.548407 14.933364 1.595911 15.388195 1.642941 15.825969 1.685991 16.264103 1.726431 16.688313 1.763384 17.113438 1.797112 17.543051 1.827819 17.991165 1.856875 18.440338 1.883401 18.891644 1.907792 19.361385 1.929026 19.816582 1.946573 20.290718 1.960769 20.766811 1.972071 21.228409 1.978816 21.702400 1.983412 22.173084 1.984766 22.640781 1.982899 23.091410 1.977363 23.541462 1.968921 23.992817 1.957862 24.434229 1.945345 24.885019 1.929988 25.343975 1.911551 25.810274 1.889736 26.271662 1.866752 26.742680 1.838615 27.233955 1.805481 27.738108 1.765875 28.236420 1.723146 28.725863 1.678046 29.220249 1.629551
CENTER 135 22 0.607304 -0.000159 1.198956 -0.000637 1.788391 -0.001440 2.375501 -0.002559 2.960482 -0.003980 3.544443 -0.005630 4.127395 -0.007418 4.684985 -0.009281 5.251295 -0.011081 5.813915 -0.012730 6.385584 -0.014338 6.965779 -0.016060 7.561714 -0.018166 8.164741 -0.021073 8.769763 -0.025021 9.359018 -0.030298 9.932647 -0.037115 10.491114 -0.045582 11.037379 -0.055721 11.563444 -0.067495 12.075698 -0.080644 12.588422 -0.095667 13.101590 -0.112620 13.615178 -0.131600 14.138529 -0.153394 14.657363 -0.177116 15.169646 -0.202749 15.675720 -0.230379 16.166294 -0.259362 16.665812 -0.291269 17.150291 -0.324993 17.641100 -0.362399 18.127375 -0.402796 18.607391 -0.446156 19.081600 -0.492483 19.560877 -0.542558 20.031960 -0.595202 20.495592 -0.650320 20.951508 -0.707662 21.399633 -0.767017 21.832439 -0.827626 22.262815 -0.890498 22.698563 -0.956965 23.131100 -1.025437 23.560724 -1.095926 23.986891 -1.168244 24.409010 -1.242118 24.827703 -1.317381 25.243488 -1.393745 25.648567 -1.469331 26.051785 -1.545359 26.452814 -1.621382 26.851612 -1.697076 27.248314 -1.772207 27.642164 -1.846418 28.032679 -1.919417 28.420263 -1.991096 28.798149 -2.059798 29.176064 -2.127275 29.554070 -2.193244 29.924011 -2.255988 30.297457 -2.317235 30.682573 -2.378045 31.059797 -2.436021
CENTER 136 18 0.310036 0.000556 0.619308 0.002305 0.946379 0.005604 1.279564 0.010699 1.618680 0.017822 1.963542 0.027197 2.311875 0.038960 2.663228 0.053271 3.019272 0.070344 3.387489 0.090520 3.755904 0.113757 4.124382 0.140319 4.492868 0.170499 4.870955 0.205607 5.249329 0.244731 5.629771 0.288179 6.011952 0.336123 6.405079 0.390159 6.799098 0.448735 7.194597 0.511850 7.591242 0.579326 7.979195 0.649882 8.370123 0.724859 8.764275 0.804105 9.161401 0.887444 9.561464 0.974626 9.963678 1.065176 10.357996 1.156738 10.755249 1.250989 11.155378 1.347298 11.558553 1.445033 11.965143 1.543617 12.374820 1.642314 12.787053 1.740365 13.202205 1.837339 13.620805 1.932930 14.042823 2.026704 14.468455 2.118290 14.898078 2.207347 15.331774 2.293362 15.769432 2.375784 16.211473 2.454241 16.634783 2.525825 17.085758 2.595447 17.549299 2.660847 18.025326 2.721971 18.513523 2.778817 19.008844 2.831116 19.520012 2.878991 20.033789 2.922574 20.561163 2.964189 21.060616 2.998423 21.576515 3.029899 22.092329 3.057811 22.608891 3.082475 23.127939 3.104481 23.648319 3.123962 24.169558 3.140806 24.681637 3.154565 25.210491 3.166624 25.738909 3.175920 26.267056 3.182671 26.794640 3.187160 27.320391 3.189692
CENTER 137 30 0.502300 -0.000920 1.002039 -0.003723 1.499055 -0.008528 1.993482 -0.015428 2.500478 -0.024794 3.007951 -0.036760 3.507996 -0.051181 4.000630 -0.068199 4.492721 -0.088146 4.978613 -0.110835 5.460990 -0.136382 5.940278 -0.164809 6.409115 -0.195593 6.876476 -0.229191 7.342673 -0.265487 7.800545 -0.303933 8.258291 -0.344787 8.715257 -0.387777 9.170918 -0.432639 9.625360 -0.479156 10.071124 -0.526492 10.515318 -0.574958 10.957776 -0.624284 11.398563 -0.674209 11.837642 -0.724468 12.274680 -0.774786 12.709154 -0.824894 13.141080 -0.874611 13.570581 -0.923778 13.997696 -0.972225 14.422337 -1.019790 14.844600 -1.066357 15.264549 -1.111801 15.682043 -1.155968 16.090771 -1.197886 16.499348 -1.238426 16.909023 -1.278086 17.320370 -1.315913 17.733212 -1.351750 18.146309 -1.385309 18.565655 -1.416320 18.982037 -1.444744 19.394550 -1.470527 19.797892 -1.493688 20.211321 -1.514884 20.614311 -1.532884 21.001787 -1.547145 21.389196 -1.558522 21.781569 -1.567549 22.170778 -1.573989 22.557264 -1.578077 22.943750 -1.580118 23.308281 -1.579642 23.666939 -1.577408 24.026634 -1.573835 24.385067 -1.569403 24.729818 -1.564298 25.069248 -1.558244 25.402571 -1.551376 25.730972 -1.543822 26.056484 -1.535730 26.382698 -1.527027 26.704187 -1.518109 27.021011 -1.509014
CENTER 138 12 0.114104 -0.000001 0.234808 0.000010 0.362442 0.000072 0.502152 0.000270 0.648872 0.000593 0.802980 0.001094 0.964878 0.001778 1.135044 0.002572 1.309449 0.003366 1.494280 0.004138 1.689617 0.004817 1.895539 0.005373 2.112199 0.005837 2.338969 0.006235 2.574957 0.006571 2.819960 0.006848 3.073717 0.007069 3.335771 0.007267 3.605942 0.007548 3.872793 0.008030 4.153082 0.009044 4.446617 0.010772 4.741073 0.013198 5.053416 0.016802 5.380738 0.021705 5.719882 0.028076 6.081763 0.036264 6.458307 0.046495 6.829378 0.058717 7.195018 0.073306 7.554809 0.090580 7.910853 0.110811 8.268497 0.134349 8.629952 0.161445 9.009158 0.193949 9.389313 0.230030 9.770771 0.270014 10.153338 0.314106 10.536787 0.362480 10.907439 0.413802 11.282607 0.470311 11.661578 0.531877 12.044240 0.598573 12.430411 0.670421 12.832680 0.749961 13.234111 0.833676 13.635011 0.921469 14.035129 1.012898 14.434082 1.107415 14.832931 1.204719 15.232572 1.304354 15.618940 1.402850 16.008371 1.503121 16.401409 1.604819 16.798080 1.707427 17.198730 1.810523 17.603024 1.913470 18.010147 2.015369 18.420696 2.115617 18.835747 2.213777 19.255730 2.309227 19.680359 2.401302 20.110073 2.489667 20.528395 2.570791
CENTER 139 18 0.573495 -0.000229 1.143486 -0.001247 1.709805 -0.003347 2.298842 -0.006863 2.859194 -0.011947 3.412626 -0.018864 3.958870 -0.027629 4.497900 -0.038105 5.018238 -0.050188 5.538650 -0.063672 6.055729 -0.078467 6.569837 -0.094726 7.093486 -0.113477 7.624257 -0.134429 8.143857 -0.157412 8.664511 -0.183403 9.160200 -0.211031 9.646186 -0.241550 10.125951 -0.275252 10.590179 -0.311379 11.056004 -0.351490 11.523184 -0.395560 11.990879 -0.443461 12.458961 -0.495076 12.924827 -0.549929 13.383369 -0.607429 13.835060 -0.667440 14.279958 -0.729750 14.718138 -0.794134 15.151464 -0.860470 15.581426 -0.928532 16.007978 -0.998018 16.431238 -1.068709 16.861116 -1.142240 17.286922 -1.216412 17.708715 -1.291093 18.126591 -1.366073 18.540810 -1.441118 18.942480 -1.514399 19.342911 -1.587686 19.741894 -1.660661 20.139397 -1.733121 20.535002 -1.804822 20.927971 -1.875358 21.307714 -1.942781 21.688744 -2.008839 22.083345 -2.074835 22.478209 -2.138706 22.864777 -2.198286 23.252577 -2.255683 23.639332 -2.310449 24.016741 -2.362273 24.407429 -2.411789 24.816622 -2.461979 25.206715 -2.507600 25.578209 -2.546831 25.932772 -2.581625 26.280329 -2.612304 26.634638 -2.639749 26.984291 -2.664455 27.326517 -2.686384 27.660004 -2.705646 27.984102 -2.722574 28.300629 -2.737551
