# cluster_centers_xy_v1
# category=stop
# ego-local xy: x=forward, y=left; plot right=-y
# columns: CENTER center_id count x0 y0 ... x63 y63
CENTER 0 68 0.000613 0.000089 0.002118 0.000189 0.005059 0.000300 0.010139 0.000436 0.018114 0.000616 0.029739 0.000856 0.045776 0.001175 0.066732 0.001574 0.093454 0.002069 0.126675 0.002668 0.166839 0.003373 0.214445 0.004190 0.270217 0.005127 0.332699 0.006157 0.401845 0.007284 0.481067 0.008565 0.569663 0.009994 0.668045 0.011582 0.774610 0.013309 0.890350 0.015196 1.014750 0.017227 1.149114 0.019412 1.293717 0.021739 1.447722 0.024181 1.612466 0.026749 1.787360 0.029432 1.973521 0.032238 2.172309 0.035199 2.377973 0.038199 2.597643 0.041350 2.832353 0.044647 3.079418 0.048047 3.336888 0.051544 3.601706 0.055119 3.876831 0.058879 4.164122 0.062906 4.459939 0.067183 4.765276 0.071797 5.081364 0.076778 5.405857 0.082108 5.739390 0.087793 6.086574 0.093875 6.449634 0.100460 6.824606 0.107555 7.213442 0.115251 7.610781 0.123475 8.009034 0.132168 8.414231 0.141512 8.831158 0.151936 9.247110 0.162967 9.673117 0.174832 10.105930 0.187506 10.547620 0.201041 10.995746 0.215461 11.453854 0.230847 11.918732 0.246912 12.393034 0.264022 12.876856 0.282140 13.375356 0.301350 13.878713 0.321495 14.393494 0.342630 14.906029 0.364519 15.420970 0.387210 15.942089 0.410800
CENTER 1 1971 0.009097 -0.000007 0.017120 -0.000017 0.024122 -0.000030 0.030224 -0.000045 0.035521 -0.000061 0.040043 -0.000076 0.043835 -0.000092 0.047009 -0.000107 0.049603 -0.000121 0.051672 -0.000136 0.053305 -0.000150 0.054553 -0.000162 0.055487 -0.000173 0.056171 -0.000182 0.056663 -0.000189 0.057008 -0.000193 0.057252 -0.000194 0.057429 -0.000193 0.057565 -0.000188 0.057675 -0.000180 0.057766 -0.000168 0.057847 -0.000154 0.057915 -0.000137 0.057971 -0.000119 0.058017 -0.000099 0.058056 -0.000077 0.058090 -0.000054 0.058122 -0.000030 0.058152 -0.000006 0.058182 0.000016 0.058210 0.000037 0.058236 0.000055 0.058258 0.000071 0.058278 0.000086 0.058299 0.000099 0.058325 0.000111 0.058366 0.000124 0.058434 0.000136 0.058545 0.000149 0.058727 0.000162 0.059005 0.000176 0.059424 0.000191 0.060016 0.000209 0.060834 0.000231 0.061945 0.000258 0.063408 0.000291 0.065285 0.000332 0.067633 0.000382 0.070523 0.000441 0.073997 0.000510 0.078113 0.000589 0.082912 0.000678 0.088493 0.000779 0.094944 0.000893 0.102275 0.001020 0.110530 0.001161 0.119873 0.001319 0.130320 0.001492 0.141973 0.001682 0.154839 0.001888 0.168923 0.002110 0.184317 0.002349 0.201076 0.002605 0.219207 0.002879
CENTER 2 150 0.342985 0.000244 0.680104 0.000898 1.014492 0.001943 1.340275 0.003263 1.657859 0.004785 1.968562 0.006454 2.273253 0.008230 2.569258 0.010097 2.860393 0.012011 3.144909 0.013983 3.420527 0.015972 3.687026 0.017942 3.947753 0.019924 4.202552 0.021927 4.450678 0.023971 4.691329 0.026035 4.927303 0.028115 5.152467 0.030126 5.368639 0.032063 5.578164 0.033897 5.779547 0.035593 5.971864 0.037158 6.155682 0.038597 6.330344 0.039932 6.495799 0.041128 6.652789 0.042276 6.800391 0.043358 6.941386 0.044390 7.073234 0.045374 7.195932 0.046314 7.311255 0.047216 7.418858 0.048096 7.518719 0.048952 7.611293 0.049778 7.696990 0.050595 7.775034 0.051383 7.845023 0.052130 7.908504 0.052834 7.964937 0.053488 8.014592 0.054115 8.057427 0.054629 8.094836 0.055072 8.127723 0.055488 8.155872 0.055837 8.180114 0.056132 8.200826 0.056376 8.218186 0.056561 8.232797 0.056705 8.245049 0.056825 8.254991 0.056922 8.263142 0.057007 8.269753 0.057082 8.275078 0.057141 8.279332 0.057188 8.282637 0.057220 8.285211 0.057238 8.287181 0.057245 8.288652 0.057245 8.289717 0.057250 8.290451 0.057267 8.290982 0.057302 8.291314 0.057353 8.291510 0.057416 8.291625 0.057484
CENTER 3 161 -0.000032 0.000084 0.000200 0.000146 0.000884 0.000194 0.002299 0.000237 0.004704 0.000287 0.008475 0.000358 0.013973 0.000461 0.021690 0.000610 0.032430 0.000819 0.046546 0.001091 0.064596 0.001431 0.087109 0.001845 0.114455 0.002333 0.147472 0.002912 0.186437 0.003584 0.231004 0.004350 0.282090 0.005227 0.340190 0.006225 0.405630 0.007345 0.478557 0.008590 0.559344 0.009960 0.647016 0.011430 0.742123 0.013007 0.844505 0.014686 0.953764 0.016460 1.069949 0.018335 1.193228 0.020317 1.323602 0.022398 1.462069 0.024600 1.607261 0.026897 1.759698 0.029294 1.920972 0.031813 2.091482 0.034465 2.270114 0.037234 2.457665 0.040147 2.653188 0.043206 2.856521 0.046418 3.069737 0.049839 3.292361 0.053491 3.525152 0.057466 3.766790 0.061710 4.016066 0.066240 4.273605 0.071124 4.537598 0.076355 4.810616 0.082040 5.089104 0.088188 5.376559 0.094911 5.671839 0.102221 5.976409 0.110155 6.291408 0.118767 6.612563 0.127952 6.943105 0.137907 7.281012 0.148684 7.624723 0.160335 7.973238 0.172961 8.328496 0.186786 8.687929 0.201703 9.053680 0.217839 9.421998 0.235177 9.794567 0.253803 10.172358 0.273781 10.555836 0.294766 10.945124 0.317343 11.341222 0.341718
CENTER 4 80 0.497161 0.000040 0.987123 0.000139 1.473342 0.000233 1.953397 0.000440 2.433022 0.000726 2.901424 0.000887 3.358743 0.001029 3.810833 0.001121 4.260490 0.001190 4.703278 0.001244 5.139817 0.001273 5.566935 0.001244 5.986712 0.001170 6.397645 0.000802 6.805301 0.000743 7.208913 0.000680 7.604734 0.000577 7.993244 0.000487 8.373910 0.000347 8.746664 0.000161 9.114657 0.000026 9.472858 -0.000068 9.823618 -0.000101 10.165015 -0.000063 10.497571 0.000042 10.817827 0.000253 11.134409 0.000502 11.446865 0.000814 11.753964 0.001172 12.051076 0.001557 12.340720 0.001918 12.615522 0.002295 12.882156 0.002650 13.139660 0.002958 13.388558 0.003219 13.629062 0.003612 13.859482 0.003706 14.082563 0.003754 14.298406 0.003766 14.502283 0.003757 14.695347 0.003723 14.876440 0.003673 15.043490 0.003624 15.196832 0.003570 15.338675 0.003499 15.468795 0.003402 15.590119 0.003299 15.700600 0.003169 15.799828 0.003025 15.888980 0.002891 15.968524 0.002778 16.037918 0.002693 16.098249 0.002646 16.149137 0.002627 16.191013 0.002631 16.224682 0.002654 16.250652 0.002693 16.270363 0.002747 16.284754 0.002814 16.294756 0.002890 16.301035 0.002968 16.304689 0.003042 16.306532 0.003104 16.307274 0.003151
CENTER 5 278 0.003551 0.000089 0.006662 0.000183 0.009382 0.000275 0.011753 0.000359 0.013803 0.000428 0.015534 0.000478 0.016952 0.000511 0.018080 0.000537 0.018943 0.000562 0.019569 0.000597 0.019998 0.000652 0.020274 0.000724 0.020429 0.000808 0.020489 0.000897 0.020483 0.000980 0.020422 0.001056 0.020317 0.001123 0.020188 0.001184 0.020065 0.001246 0.020002 0.001318 0.020066 0.001404 0.020366 0.001505 0.020979 0.001615 0.021999 0.001727 0.023672 0.001837 0.026191 0.001944 0.029896 0.002053 0.035171 0.002176 0.042345 0.002324 0.051913 0.002510 0.064127 0.002743 0.079632 0.003037 0.099023 0.003402 0.122667 0.003836 0.151033 0.004345 0.184547 0.004934 0.223290 0.005603 0.268179 0.006367 0.319693 0.007238 0.377642 0.008216 0.442813 0.009312 0.515439 0.010532 0.595750 0.011877 0.683405 0.013339 0.778278 0.014910 0.880079 0.016578 0.989209 0.018342 1.105926 0.020199 1.229964 0.022150 1.360899 0.024195 1.499921 0.026364 1.646159 0.028641 1.801002 0.031043 1.963266 0.033546 2.133800 0.036158 2.312708 0.038869 2.500070 0.041684 2.695173 0.044608 2.897608 0.047662 3.107909 0.050875 3.325885 0.054278 3.552476 0.057963 3.787483 0.061911 4.030698 0.066139
CENTER 6 223 0.186874 -0.000016 0.366297 -0.000066 0.538101 -0.000157 0.700608 -0.000273 0.854831 -0.000426 1.000586 -0.000614 1.138647 -0.000816 1.268010 -0.001016 1.389535 -0.001208 1.503222 -0.001387 1.608513 -0.001549 1.705626 -0.001700 1.794326 -0.001846 1.875530 -0.001996 1.948536 -0.002155 2.014201 -0.002321 2.072717 -0.002488 2.124200 -0.002657 2.168820 -0.002840 2.207246 -0.003040 2.239610 -0.003261 2.266658 -0.003502 2.288970 -0.003758 2.307075 -0.004020 2.321610 -0.004285 2.333321 -0.004546 2.342547 -0.004799 2.349839 -0.005037 2.355582 -0.005247 2.360063 -0.005421 2.363554 -0.005551 2.366270 -0.005639 2.368368 -0.005684 2.369996 -0.005692 2.371265 -0.005669 2.372256 -0.005620 2.373034 -0.005549 2.373650 -0.005459 2.374145 -0.005354 2.374553 -0.005242 2.374941 -0.005131 2.375300 -0.005028 2.375627 -0.004938 2.376037 -0.004861 2.376574 -0.004794 2.377281 -0.004733 2.378199 -0.004676 2.379346 -0.004625 2.380736 -0.004580 2.382394 -0.004548 2.384352 -0.004529 2.386641 -0.004524 2.389290 -0.004529 2.392329 -0.004536 2.395780 -0.004540 2.399664 -0.004535 2.404032 -0.004517 2.408831 -0.004488 2.414319 -0.004457 2.420253 -0.004425 2.426684 -0.004397 2.433700 -0.004374 2.441416 -0.004359 2.449957 -0.004348
CENTER 7 127 0.415784 0.000231 0.827505 0.000913 1.232433 0.002022 1.633118 0.003571 2.024355 0.005508 2.408547 0.007833 2.787242 0.010593 3.159592 0.013845 3.522845 0.017434 3.879980 0.021420 4.234422 0.025853 4.582986 0.030564 4.924192 0.035444 5.256483 0.040569 5.580969 0.045634 5.897961 0.050601 6.205722 0.055471 6.508892 0.060269 6.805520 0.065002 7.092594 0.069737 7.370039 0.074486 7.639096 0.079245 7.900193 0.084016 8.155837 0.088755 8.405120 0.093485 8.645676 0.097954 8.876440 0.102290 9.098991 0.106486 9.312068 0.110517 9.518132 0.114375 9.713127 0.118098 9.899743 0.121632 10.075683 0.124992 10.241625 0.128177 10.395623 0.131186 10.539963 0.133906 10.675621 0.136488 10.801664 0.138949 10.919103 0.141311 11.028254 0.143558 11.129867 0.145797 11.223717 0.147977 11.309515 0.150114 11.387397 0.152249 11.456259 0.154208 11.517460 0.156039 11.570868 0.157801 11.617282 0.159391 11.657587 0.160815 11.691991 0.162073 11.720638 0.163170 11.744316 0.164114 11.763829 0.164930 11.779779 0.165620 11.792493 0.166164 11.802586 0.166589 11.810444 0.166902 11.816427 0.167114 11.820840 0.167241 11.823926 0.167305 11.825925 0.167328 11.827096 0.167327 11.827686 0.167318 11.827953 0.167310
CENTER 8 201 -0.000112 0.000049 -0.000261 0.000105 -0.000439 0.000171 -0.000631 0.000250 -0.000824 0.000343 -0.000993 0.000453 -0.001101 0.000577 -0.001097 0.000707 -0.000890 0.000837 -0.000428 0.000958 0.000394 0.001063 0.001656 0.001151 0.003646 0.001233 0.006612 0.001319 0.010820 0.001421 0.016718 0.001551 0.024712 0.001720 0.035310 0.001936 0.049050 0.002206 0.066330 0.002532 0.087529 0.002919 0.113527 0.003386 0.144718 0.003937 0.181403 0.004579 0.224245 0.005328 0.273370 0.006185 0.328969 0.007154 0.391356 0.008243 0.461189 0.009457 0.538495 0.010793 0.623442 0.012249 0.715346 0.013813 0.813633 0.015470 0.919107 0.017237 1.031141 0.019100 1.150607 0.021072 1.277753 0.023154 1.411808 0.025335 1.552459 0.027601 1.701097 0.029978 1.856578 0.032448 2.019666 0.035022 2.190408 0.037701 2.369426 0.040492 2.555848 0.043380 2.752145 0.046414 2.957661 0.049603 3.172175 0.052967 3.395292 0.056529 3.627650 0.060324 3.868706 0.064434 4.117849 0.068807 4.373591 0.073450 4.637400 0.078434 4.910257 0.083804 5.191471 0.089610 5.480870 0.095893 5.778125 0.102682 6.083708 0.110036 6.398898 0.118004 6.723367 0.126647 7.054474 0.135904 7.392139 0.145884 7.736676 0.156647
CENTER 9 167 0.274857 0.000034 0.541267 0.000129 0.799688 0.000300 1.053022 0.000526 1.300297 0.000823 1.540857 0.001176 1.773828 0.001555 2.001132 0.001917 2.218453 0.002247 2.427247 0.002496 2.628024 0.002669 2.821928 0.002776 3.007512 0.002831 3.185340 0.002847 3.354069 0.002819 3.514157 0.002766 3.664406 0.002678 3.806626 0.002565 3.940630 0.002440 4.066357 0.002312 4.184595 0.002192 4.294893 0.002089 4.397708 0.001996 4.492649 0.001918 4.579996 0.001854 4.659559 0.001799 4.731978 0.001759 4.795474 0.001727 4.852196 0.001701 4.902278 0.001671 4.945311 0.001637 4.982336 0.001590 5.014059 0.001526 5.041075 0.001449 5.064025 0.001363 5.083461 0.001272 5.099798 0.001184 5.112914 0.001103 5.123825 0.001034 5.132884 0.000978 5.140334 0.000935 5.146490 0.000898 5.151548 0.000857 5.155654 0.000815 5.158972 0.000773 5.161647 0.000743 5.163791 0.000730 5.165507 0.000740 5.166884 0.000766 5.167998 0.000809 5.168899 0.000862 5.169628 0.000919 5.170224 0.000976 5.170722 0.001029 5.171211 0.001080 5.171677 0.001130 5.172117 0.001176 5.172679 0.001222 5.173419 0.001259 5.174400 0.001281 5.175677 0.001286 5.177279 0.001276 5.179224 0.001255 5.181545 0.001230
CENTER 10 1 0.401938 -0.010645 0.796293 -0.032749 1.183157 -0.059995 1.562659 -0.089730 1.934910 -0.120330 2.300028 -0.150306 2.658180 -0.177522 3.008914 -0.207455 3.352155 -0.240787 3.688904 -0.266139 4.018739 -0.287822 4.341356 -0.310147 4.656748 -0.333132 4.964977 -0.355907 5.266074 -0.378051 5.560056 -0.399313 5.846936 -0.419520 6.126720 -0.438539 6.399416 -0.456258 6.665027 -0.472566 6.923556 -0.487342 7.175005 -0.500466 7.419374 -0.511788 7.656662 -0.521124 7.886864 -0.528231 8.109967 -0.532781 8.325952 -0.534290 8.534776 -0.532677 8.736398 -0.528265 8.930787 -0.521371 9.117923 -0.512348 9.297791 -0.501549 9.470397 -0.489371 9.635747 -0.476188 9.793859 -0.462362 9.944755 -0.448237 10.088459 -0.434118 10.224995 -0.420261 10.354383 -0.406891 10.476642 -0.394177 10.591783 -0.382244 10.699816 -0.371180 10.800746 -0.361031 10.894574 -0.351822 10.981299 -0.343550 11.060919 -0.336186 11.133430 -0.329700 11.198825 -0.324044 11.257102 -0.319170 11.308255 -0.315026 11.352282 -0.311573 11.389175 -0.308757 11.418935 -0.306538 11.441556 -0.304878 11.441556 -0.304878 11.441556 -0.304878 11.441556 -0.304878 11.441556 -0.304878 11.441556 -0.304878 11.441556 -0.304878 11.441556 -0.304878 11.441556 -0.304878 11.441556 -0.304878 11.441556 -0.304878
