# cluster_centers_xy_v1
# category=straight
# ego-local xy: x=forward, y=left; plot right=-y
# columns: CENTER center_id count x0 y0 ... x63 y63
CENTER 0 2383 0.673771 -0.000001 1.347179 -0.000017 2.020633 -0.000048 2.694613 -0.000098 3.369396 -0.000172 4.044751 -0.000269 4.720831 -0.000389 5.397181 -0.000534 6.074316 -0.000707 6.750841 -0.000905 7.427934 -0.001131 8.105047 -0.001387 8.782586 -0.001679 9.459809 -0.002005 10.137094 -0.002358 10.814660 -0.002744 11.492409 -0.003174 12.170110 -0.003637 12.847659 -0.004142 13.525775 -0.004693 14.203759 -0.005288 14.882166 -0.005930 15.561144 -0.006619 16.239849 -0.007361 16.918666 -0.008134 17.598157 -0.008942 18.277633 -0.009780 18.956893 -0.010652 19.636286 -0.011561 20.315112 -0.012505 20.993762 -0.013486 21.671242 -0.014489 22.348919 -0.015529 23.025937 -0.016589 23.703628 -0.017684 24.381410 -0.018812 25.059807 -0.019972 25.738350 -0.021169 26.417036 -0.022389 27.095134 -0.023636 27.773949 -0.024910 28.452605 -0.026229 29.131598 -0.027607 29.811255 -0.029026 30.490435 -0.030499 31.169218 -0.032017 31.847486 -0.033596 32.526106 -0.035243 33.204543 -0.036955 33.882326 -0.038736 34.560281 -0.040585 35.238669 -0.042512 35.917575 -0.044499 36.596399 -0.046542 37.275955 -0.048668 37.955479 -0.050833 38.634796 -0.053065 39.313730 -0.055342 39.993153 -0.057660 40.672994 -0.060055 41.352838 -0.062505 42.031667 -0.065004 42.710723 -0.067603 43.389467 -0.070253
CENTER 1 159 0.173069 0.000059 0.351218 0.000068 0.535548 0.000027 0.725055 -0.000048 0.920806 -0.000154 1.122626 -0.000268 1.330947 -0.000396 1.545431 -0.000543 1.765170 -0.000709 1.991538 -0.000895 2.225344 -0.001121 2.466772 -0.001394 2.715042 -0.001724 2.972039 -0.002107 3.236575 -0.002523 3.508779 -0.002963 3.789914 -0.003410 4.078509 -0.003851 4.374568 -0.004300 4.677802 -0.004730 4.988957 -0.005165 5.308737 -0.005559 5.636982 -0.005912 5.973690 -0.006223 6.317316 -0.006517 6.666485 -0.006805 7.021183 -0.007112 7.384202 -0.007378 7.754579 -0.007576 8.134868 -0.007692 8.523450 -0.007720 8.920601 -0.007653 9.323214 -0.007511 9.731969 -0.007295 10.147851 -0.007012 10.569557 -0.006612 10.999132 -0.006125 11.436254 -0.005564 11.881752 -0.004893 12.330801 -0.004132 12.786673 -0.003258 13.251243 -0.002270 13.723609 -0.001253 14.202571 -0.000161 14.687340 0.001079 15.179725 0.002491 15.676158 0.004050 16.177034 0.005737 16.683284 0.007547 17.194376 0.009400 17.708729 0.011281 18.225028 0.013144 18.747437 0.015076 19.272312 0.017080 19.799774 0.019050 20.328316 0.021045 20.856986 0.023007 21.385058 0.024981 21.917057 0.026983 22.453368 0.028982 22.993980 0.030946 23.535465 0.032829 24.079488 0.034672 24.628427 0.036427
CENTER 2 1161 0.532800 -0.000051 1.066332 -0.000189 1.600200 -0.000415 2.135025 -0.000734 2.670906 -0.001131 3.206562 -0.001591 3.741957 -0.002115 4.277790 -0.002701 4.813370 -0.003378 5.349233 -0.004105 5.884797 -0.004898 6.420126 -0.005710 6.955716 -0.006557 7.492299 -0.007475 8.028598 -0.008440 8.566808 -0.009448 9.104695 -0.010494 9.642803 -0.011564 10.180524 -0.012683 10.717030 -0.013832 11.253882 -0.014998 11.791305 -0.016207 12.329945 -0.017425 12.868685 -0.018685 13.408602 -0.019970 13.947052 -0.021191 14.485150 -0.022376 15.023374 -0.023527 15.560357 -0.024660 16.098244 -0.025765 16.635989 -0.026813 17.172481 -0.027808 17.708067 -0.028757 18.242178 -0.029762 18.774906 -0.030797 19.306083 -0.031862 19.837089 -0.032959 20.366122 -0.034060 20.894562 -0.035161 21.421900 -0.036214 21.948031 -0.037194 22.473059 -0.038188 22.998107 -0.039102 23.522374 -0.040006 24.045991 -0.040856 24.569448 -0.041625 25.092123 -0.042309 25.614144 -0.042927 26.135670 -0.043444 26.655910 -0.043872 27.174561 -0.044205 27.691997 -0.044510 28.208043 -0.044661 28.723653 -0.044764 29.238275 -0.044718 29.750960 -0.044513 30.262733 -0.044118 30.774106 -0.043498 31.283711 -0.042614 31.791985 -0.041496 32.298943 -0.040168 32.804822 -0.038584 33.308203 -0.036673 33.810225 -0.034472
CENTER 3 151 0.171325 0.000099 0.345028 0.000251 0.520580 0.000445 0.698664 0.000665 0.878702 0.000902 1.060349 0.001149 1.242318 0.001417 1.426647 0.001714 1.613955 0.002065 1.802545 0.002464 1.992965 0.002918 2.185099 0.003422 2.378693 0.003982 2.572956 0.004596 2.770526 0.005247 2.970265 0.005914 3.172629 0.006587 3.378870 0.007265 3.586801 0.007960 3.798982 0.008665 4.013373 0.009394 4.229369 0.010122 4.448639 0.010865 4.670046 0.011595 4.895904 0.012302 5.125351 0.013018 5.358861 0.013719 5.596220 0.014405 5.835472 0.015065 6.077629 0.015727 6.322117 0.016398 6.570207 0.017076 6.825175 0.017822 7.086949 0.018587 7.352510 0.019394 7.621511 0.020240 7.893568 0.021087 8.168905 0.021988 8.448093 0.022888 8.731117 0.023798 9.019348 0.024759 9.309597 0.025740 9.599475 0.026762 9.893007 0.027829 10.188441 0.028884 10.485885 0.029949 10.787862 0.031029 11.093111 0.032186 11.399913 0.033453 11.711261 0.034864 12.024498 0.036383 12.341118 0.038058 12.659448 0.039804 12.978555 0.041652 13.298452 0.043620 13.618434 0.045538 13.943147 0.047643 14.267950 0.049860 14.591256 0.052177 14.912751 0.054637 15.232005 0.057232 15.556441 0.060112 15.882666 0.063201 16.208377 0.066510
CENTER 4 939 0.780326 0.000001 1.561465 -0.000007 2.343280 -0.000023 3.125445 -0.000044 3.907716 -0.000068 4.689598 -0.000092 5.471899 -0.000114 6.255420 -0.000135 7.039032 -0.000160 7.822790 -0.000190 8.607096 -0.000225 9.392088 -0.000271 10.176995 -0.000336 10.962300 -0.000420 11.748702 -0.000526 12.535282 -0.000647 13.322562 -0.000781 14.110798 -0.000925 14.899719 -0.001069 15.688842 -0.001214 16.478446 -0.001364 17.268230 -0.001512 18.057732 -0.001641 18.847300 -0.001771 19.636900 -0.001903 20.425291 -0.002038 21.213070 -0.002171 22.001550 -0.002302 22.790539 -0.002432 23.578867 -0.002568 24.367636 -0.002728 25.155978 -0.002906 25.944282 -0.003097 26.732599 -0.003315 27.521183 -0.003532 28.308960 -0.003756 29.095936 -0.003982 29.882112 -0.004205 30.667281 -0.004422 31.451808 -0.004627 32.235827 -0.004814 33.019721 -0.004975 33.803451 -0.005094 34.585983 -0.005211 35.369007 -0.005283 36.151107 -0.005324 36.933557 -0.005336 37.714595 -0.005316 38.495500 -0.005245 39.276212 -0.005130 40.056271 -0.004970 40.835379 -0.004763 41.614074 -0.004493 42.392136 -0.004172 43.169439 -0.003794 43.946182 -0.003355 44.721929 -0.002861 45.497992 -0.002316 46.273876 -0.001714 47.049080 -0.001060 47.824233 -0.000351 48.599586 0.000414 49.374105 0.001233 50.147809 0.002108
CENTER 5 1340 0.623579 -0.000043 1.247958 -0.000185 1.874371 -0.000426 2.501272 -0.000767 3.128353 -0.001204 3.755597 -0.001737 4.382255 -0.002376 5.009099 -0.003103 5.635243 -0.003911 6.262098 -0.004796 6.888836 -0.005751 7.516495 -0.006783 8.143461 -0.007872 8.771375 -0.009001 9.399702 -0.010184 10.027702 -0.011408 10.656820 -0.012634 11.285478 -0.013902 11.913729 -0.015194 12.542540 -0.016512 13.171753 -0.017866 13.800560 -0.019233 14.428955 -0.020587 15.057730 -0.021949 15.687244 -0.023277 16.315951 -0.024578 16.945226 -0.025812 17.575226 -0.026969 18.204961 -0.028042 18.835689 -0.029030 19.466468 -0.029895 20.097513 -0.030652 20.729721 -0.031299 21.362569 -0.031856 21.994875 -0.032319 22.627449 -0.032708 23.259043 -0.033000 23.890337 -0.033217 24.521844 -0.033363 25.152511 -0.033442 25.783141 -0.033454 26.414222 -0.033417 27.045349 -0.033325 27.677495 -0.033161 28.309502 -0.032929 28.941563 -0.032621 29.574575 -0.032254 30.206464 -0.031862 30.838074 -0.031455 31.469404 -0.031025 32.100553 -0.030616 32.731133 -0.030184 33.361615 -0.029760 33.991873 -0.029342 34.620651 -0.028935 35.249405 -0.028564 35.877606 -0.028232 36.504682 -0.027941 37.131253 -0.027666 37.757639 -0.027398 38.383295 -0.027183 39.010239 -0.027000 39.635778 -0.026907 40.260346 -0.026897
CENTER 6 1380 0.718323 -0.000051 1.437464 -0.000218 2.156022 -0.000497 2.874431 -0.000885 3.591879 -0.001381 4.309213 -0.001984 5.026778 -0.002697 5.744119 -0.003519 6.461931 -0.004444 7.180359 -0.005475 7.898543 -0.006613 8.616181 -0.007855 9.334353 -0.009202 10.052721 -0.010646 10.770731 -0.012197 11.489281 -0.013858 12.207361 -0.015619 12.925876 -0.017507 13.645141 -0.019514 14.363504 -0.021630 15.082979 -0.023865 15.801977 -0.026210 16.520399 -0.028687 17.238825 -0.031281 17.956992 -0.034003 18.675576 -0.036856 19.393927 -0.039852 20.112642 -0.042993 20.831379 -0.046272 21.551421 -0.049691 22.271938 -0.053239 22.994897 -0.056947 23.717069 -0.060788 24.439091 -0.064781 25.160380 -0.068910 25.881266 -0.073180 26.601591 -0.077587 27.322129 -0.082132 28.042275 -0.086828 28.763027 -0.091682 29.483220 -0.096713 30.202635 -0.101907 30.921777 -0.107254 31.640715 -0.112739 32.359456 -0.118383 33.078863 -0.124187 33.797706 -0.130146 34.516921 -0.136227 35.236230 -0.142488 35.955656 -0.148890 36.675650 -0.155425 37.395501 -0.162071 38.114024 -0.168856 38.832182 -0.175759 39.549950 -0.182774 40.266937 -0.189924 40.984613 -0.197182 41.702369 -0.204565 42.419583 -0.212089 43.136104 -0.219725 43.851721 -0.227476 44.567536 -0.235366 45.283112 -0.243333 45.998533 -0.251418
CENTER 7 550 0.468511 0.000056 0.937183 0.000206 1.406231 0.000441 1.874407 0.000782 2.342315 0.001217 2.812617 0.001768 3.282448 0.002404 3.755831 0.003175 4.230818 0.004007 4.705221 0.004851 5.178916 0.005739 5.651502 0.006667 6.123394 0.007600 6.594071 0.008580 7.066775 0.009638 7.537860 0.010707 8.007595 0.011806 8.475702 0.012915 8.942789 0.014031 9.409803 0.015174 9.875271 0.016304 10.341104 0.017459 10.805323 0.018594 11.267602 0.019729 11.727888 0.020834 12.187086 0.021956 12.645612 0.023076 13.103598 0.024230 13.561143 0.025402 14.016233 0.026642 14.470652 0.027883 14.921340 0.029071 15.370918 0.030246 15.818885 0.031450 16.266941 0.032655 16.715688 0.033811 17.163652 0.034928 17.610206 0.036043 18.053431 0.037217 18.495723 0.038386 18.935900 0.039577 19.373033 0.040789 19.809068 0.042019 20.243107 0.043350 20.675673 0.044724 21.105551 0.046190 21.534717 0.047689 21.961713 0.049163 22.386838 0.050684 22.808905 0.052224 23.229241 0.053819 23.648301 0.055472 24.066110 0.057169 24.482837 0.058829 24.898653 0.060555 25.314106 0.062318 25.726974 0.064141 26.139477 0.066009 26.551052 0.067880 26.958689 0.069810 27.363528 0.071578 27.767154 0.073415 28.168383 0.075141 28.565933 0.076831
CENTER 8 984 0.577592 0.000035 1.156177 0.000125 1.733940 0.000252 2.312661 0.000404 2.891724 0.000579 3.472181 0.000778 4.054523 0.001001 4.637146 0.001240 5.220922 0.001488 5.805563 0.001737 6.390895 0.001986 6.977773 0.002200 7.565963 0.002355 8.153705 0.002478 8.742374 0.002527 9.330626 0.002539 9.918963 0.002491 10.507631 0.002377 11.097135 0.002195 11.687228 0.001935 12.278127 0.001607 12.867979 0.001200 13.457119 0.000694 14.047415 0.000113 14.635698 -0.000534 15.225249 -0.001277 15.815184 -0.002102 16.403930 -0.003069 16.994116 -0.004194 17.582314 -0.005427 18.169477 -0.006779 18.756293 -0.008232 19.341883 -0.009794 19.927139 -0.011449 20.511569 -0.013207 21.096227 -0.015070 21.680542 -0.017032 22.265540 -0.019136 22.851296 -0.021357 23.437106 -0.023670 24.021839 -0.026083 24.606410 -0.028601 25.188720 -0.031142 25.770023 -0.033762 26.350352 -0.036435 26.929230 -0.039205 27.506925 -0.042073 28.083457 -0.045025 28.658560 -0.048120 29.233372 -0.051364 29.807653 -0.054696 30.380862 -0.058112 30.953110 -0.061596 31.523761 -0.065015 32.093867 -0.068476 32.662758 -0.071969 33.230193 -0.075485 33.795800 -0.079037 34.360430 -0.082600 34.923621 -0.086152 35.485791 -0.089725 36.045389 -0.093210 36.604542 -0.096684 37.163085 -0.100124
CENTER 9 320 0.462696 -0.000017 0.923290 -0.000058 1.378585 -0.000105 1.832609 -0.000161 2.282666 -0.000218 2.728447 -0.000279 3.173385 -0.000353 3.615303 -0.000434 4.052925 -0.000524 4.488939 -0.000614 4.920991 -0.000714 5.349726 -0.000793 5.774939 -0.000819 6.198292 -0.000836 6.617019 -0.000833 7.031305 -0.000832 7.441362 -0.000840 7.847366 -0.000875 8.250621 -0.000945 8.649863 -0.000978 9.046107 -0.000966 9.438876 -0.000907 9.826635 -0.000803 10.210696 -0.000650 10.589902 -0.000397 10.965091 -0.000100 11.336440 0.000242 11.703156 0.000655 12.065194 0.001107 12.422082 0.001584 12.774320 0.002118 13.123127 0.002697 13.468245 0.003311 13.806977 0.003956 14.141452 0.004628 14.470076 0.005322 14.794019 0.006045 15.112598 0.006795 15.427493 0.007562 15.737198 0.008296 16.042999 0.009022 16.343277 0.009732 16.638576 0.010354 16.929427 0.010963 17.214562 0.011532 17.494290 0.012085 17.769152 0.012612 18.039345 0.013108 18.304108 0.013570 18.564728 0.013998 18.820569 0.014381 19.070646 0.014721 19.314796 0.014994 19.552773 0.015206 19.785626 0.015457 20.013630 0.015571 20.237104 0.015589 20.457668 0.015341 20.673409 0.014985 20.883786 0.014525 21.089422 0.013986 21.290255 0.013320 21.486730 0.012544 21.678501 0.011615
